Columns 1 through 9

        2157         805        1166        1009        1822         803        2056        1199         529

  Columns 10 through 18

        1805          58         986        1904         939        1566         502        1055         722

  Columns 19 through 27

        1040         442         763         302        1629        1174        1563        1498        2100

  Columns 28 through 36

        1048        1586         624        1188         923         120        1145         461         864

  Columns 37 through 45

         644         779        1094         362        1018         378         455         594        1635

  Columns 46 through 54

        1035         116        1255         868         992         606        1453         863         329

  Columns 55 through 63

         967         922        1472        1144         161         248        1081        1658        2106

  Columns 64 through 72

         817        2052         470         146        1860         466         522         672        1118

  Columns 73 through 81

         706         425         629         139        1491        1692        1885         373         581

  Columns 82 through 90

         251        1015        2192        1909        2030         969        1823         782         156

  Columns 91 through 99

        1295         630         732        1686         674         250         193        2051         142

  Columns 100 through 108

        1551         494         612         886        1282        1286         264        2163         266

  Columns 109 through 117

         707        1796        2162        1927        1884         236        1847         999        1335

  Columns 118 through 126

        1172        1947        1017         339        1964         848        1328        1729         513

  Columns 127 through 135

         279         924         523        1459        1539          53        1813        1914        1357

  Columns 136 through 144

        1342        1918         837        1066         666        2141        1811         941        1630

  Columns 145 through 153

         388        1755        1558        2102        1179        1279        1649        1940        1942

  Columns 154 through 162

         905        1517         921        1615         718         742        2181        1406         272

  Columns 163 through 171

        1662        1834         769        1654         680         894        1110         369        1333

  Columns 172 through 180

        1792        1541        1432         271        1325        1439         775        1303        1548

  Columns 181 through 189

         546        1726        1429         489        1170        2186        1553         539        1691

  Columns 190 through 198

         423        1509         545        1290        1291        1434        1827        1064         942

  Columns 199 through 207

         899         217        1163        1136          48         400         827        1026         964

  Columns 208 through 216

         701        1734         906        1072        1664        1958        1643        1112        1157

  Columns 217 through 225

         450          14         912         166         115        1820        2104        1323        1341

  Columns 226 through 234

         519        1130        1396         691        1412        1701        1931        1181         679

  Columns 235 through 243

         898        1356        1208         295         428        1972        1739        1159         375

  Columns 244 through 252

         824        1075        1871        1223        1180        1465         617        1470        1225

  Columns 253 through 261

         169        1114        1316         402        1262        1531         943        1590        1448

  Columns 262 through 270

        1061        1657         328        1713         218         109        1504         318        2042

  Columns 271 through 279

        1720         993         808         219        1952        1982         720        1367         728

  Columns 280 through 288

        1841        1800         129         983        2050        1861        1565        2180         754

  Columns 289 through 297

         284         467        1332         459        1287        2119         170        1348        1485

  Columns 298 through 306

         534          62        1589         861         521        1763        1957        1529         241

  Columns 307 through 315

        1621         391          22        1698         974        1791        1821        1296         619

  Columns 316 through 324

        1211        1209        1403        1724         143        1880         628        1876         479

  Columns 325 through 333

        1096         354         719         927         843         542        1505           3        1731

  Columns 334 through 342

        2036         683        1337         989        1938         195         492        1609        1002

  Columns 343 through 351

         118         422         766         229          74         958         319         528        2048

  Columns 352 through 360

         577          11        1598         697        2131        1677         324        1679         640

  Columns 361 through 369

          96         571        1268         527         257        1177         873        1385         669

  Columns 370 through 378

         651         852           4        1232        1062        1206        1079        1392        1036

  Columns 379 through 387

         352         133         794         150         566          47         114        1567         297

  Columns 388 through 396

         975        1161        1042         940        1901         556        1466         645         277

  Columns 397 through 405

         173          46         384         280         565         289        1865         511         717

  Columns 406 through 414

         431        1013        2128        1105         469        1568         856         121         997

  Columns 415 through 423

         772         702        1450         618        1087        1167        1016         165        1373

  Columns 424 through 432

        1297        1659        1241        1106         370         809        1369         663          24

  Columns 433 through 441

        1998        1339        1807        1259         659        2045         990        1133        2009

  Columns 442 through 450

        1675        1873         306         904         381         851        1218        1354         813

  Columns 451 through 459

        2156        1164         982         740        1632        1037        1591         889         179

  Columns 460 through 468

         177         876         806         956         710        1996        2082        1655        1449

  Columns 469 through 477

        1068         872         658         625         575         389          37          17        1138

  Columns 478 through 486

         928         726         971        1195        1812        1252         296        2020        1377

  Columns 487 through 495

        2096         444         959         233          50        2127        1718        1405         332

  Columns 496 through 504

        1139        1340         178         749         485        1511         909        1300         364

  Columns 505 through 513

        2133        1049         582         235         972        1154        1070        1939        1153

  Columns 514 through 522

        1760        2011         966        2146        1108         500         884        1712         245

  Columns 523 through 531

        1407         424        1265        1330           2        2075         960         151        1455

  Columns 532 through 540

        2129         137        1687        1604        1135        1934        1776         751        1816

  Columns 541 through 549

          75         729        1709        1845        1198        2068        1274         294          30

  Columns 550 through 558

        1052          21         486         810         336        1836         682        1899         642

  Columns 559 through 567

         604          70        2024        1238         785         831         206        1743         668

  Columns 568 through 576

         163        1215         413        1487        1666         411        2176        1610         589

  Columns 577 through 585

        1507        2152         893        1051         796        1738        2021        1527         100

  Columns 586 through 594

        1573         550        1246        1217        1628        1346         344         850        2168

  Columns 595 through 603

         223        1754         781        1382         660         531         102        1039        1483

  Columns 604 through 612

        1722         819         621          81        2175        1833        1141         914         216

  Columns 613 through 621

        1309        1245         182         463         553        1401        1001        1205         447

  Columns 622 through 630

         700         383         673          93         866        2018         361        2135        2179

  Columns 631 through 639

         890        1355         708        1536          13         419         183        1965          33

  Columns 640 through 648

        1078        1477         587        2066        1100        1095         655         605         323

  Columns 649 through 657

         292         200         192        1193        1767         187         549        2019        1212

  Columns 658 through 666

         357         148         859        1656          69        1023        1954        1619         716

  Columns 667 through 675

         508        2126         855        1445        1375         778         453          25         945

  Columns 676 through 684

         110        1349        1799         607        1676         321         107        1593        1562

  Columns 685 through 693

         209         514        1266         804        1501         334         240        2155        1700

  Columns 694 through 702

        1683         509        1513         911        2005        1226         815         315         341

  Columns 703 through 711

        1798          55        1372         768        1469        1768        1044        1398        2059

  Columns 712 through 720

         340        1387        1607         144        1592         736        1067        1523        1272

  Columns 721 through 729

        2178         507         646         127         434         452         615        2191        1214

  Columns 730 through 738

          64         417        1874        1968         562        1707        1945         111         657

  Columns 739 through 747

        1641        1870        1458         138        1824         401        1889        1646        1005

  Columns 748 through 756

         167         689        1123          35         468         397        1120        1883         841

  Columns 757 through 765

         603         520         214         429        2097         661        1423         950         568

  Columns 766 through 774

        2187        2143        1732        1695         774         746         739         694         656

  Columns 775 through 783

        2184         713        1645        1663        2193         829        1431        1481         693

  Columns 784 through 792

         770        1520        1924        1680        2023        1257          42          10        1263

  Columns 793 through 801

          56         955        1984         867          44         962        1699        1997         149

  Columns 802 through 810

         191        2093        2064          51        1515         743        1024        1029        2136

  Columns 811 through 819

         399        1264        1681        1704        1584        1391         293         918        1492

  Columns 820 through 828

         301         762         560        1689        1088        1420        1963        1764         756

  Columns 829 through 837

        1182        1605        1326        1158        1428         512        1178         125        1967

  Columns 838 through 846

        1955        1728         113        1582        1560        1119        1239        1781        2060

  Columns 847 through 855

        1173         887          82        1908        2057        1868        1032        1626        1284

  Columns 856 through 864

         386         709        1240        1361        1946        1254        1408         228         576

  Columns 865 through 873

         532         931        1532        1790        1891         437         802         180        2049

  Columns 874 through 882

        2121        1992        1514        1150        1146        1345         517        1484         171

  Columns 883 through 891

        1131        1234        1147        2053         330        1306        2047          45         653

  Columns 892 through 900

         792        1917        1534         664        1682        2113        1329         465         242

  Columns 901 through 909

         104        1916        1473         122        1021        1503         472        1851        2041

  Columns 910 through 918

         670        1229        1569        2084         430        1625         136         822        1542

  Columns 919 through 927

        1784        1022        1673        1817        1830          57         237         687         304

  Columns 928 through 936

        1294        1189        1786         973        1650        1331        1893        1647         322

  Columns 937 through 945

        1132        1622        1661         439        2055        2153         213        1741         737

  Columns 946 through 954

         274         790         440         968        2061        1344         307         830        1878

  Columns 955 through 963

         394        1545        1710         164         449        1247        1571         934        1530

  Columns 964 through 972

         946        1409         733         963         172         735         483          54        1321

  Columns 973 through 981

         325        1089         611        1421         506         961        1991        1528         554

  Columns 982 through 990

        1627        2132        1875         952         317        2117         541         432        1368

  Columns 991 through 999

         584        2107          73        1624         498         798        2166        2165        1162

  Columns 1000 through 1008

        1090         637        1101         103          16         215         725        1608        1960

  Columns 1009 through 1017

        1134         795          97        2147        2078         436        1103        2022          43

  Columns 1018 through 1026

        2010        1045        1190        1986         316        1058         750          63        1802

  Columns 1027 through 1035

         239         879         154        1126        1839        1745        1719        1404         261

  Columns 1036 through 1044

        1581        1730         616        1640         320         853        1314         970        1343

  Columns 1045 through 1053

         979        1855        2014          95        1047        1521        1936        1587         667

  Columns 1054 through 1062

         350        1275        1213        1191        1176         505        2188         126        1905

  Columns 1063 through 1071

        1923         895         288        1829        1961        1660         475        1561        1993

  Columns 1072 through 1080

        1989        1261        1253        1359          83        1437        1019        1612         232

  Columns 1081 through 1089

        2110        1831         504         634        1580        1638         533        1788        1852

  Columns 1090 through 1098

        2120        1921         932        1395        1362          20        1125        2000         730

  Columns 1099 through 1107

        2029        1943         845        1508         460        1394        1956        1149        1537

  Columns 1108 through 1116

         917         404         579        1142         184        1983         308        1137         135

  Columns 1117 through 1125

         690        2118         559        1973        1390         390        2033         480        1038

  Columns 1126 through 1134

        1716        1063         262        1053        2144        2099        1696          39         578

  Columns 1135 through 1143

          60         892        1806        1185        1304         799        1410         359         208

  Columns 1144 through 1152

        1244        1753         626         418         543         985        1694        1242        1028

  Columns 1153 through 1161

         761        1152        1495         160        1187        2189         204        1363          68

  Columns 1162 through 1170

        1601         132         414        1270         787         686        1926         789        2074

  Columns 1171 through 1179

         201        2108        1892         814         633         366        2073         124        1774

  Columns 1180 through 1188

         162         491         185         327         360         998         365        2088         456

  Columns 1189 through 1197

         493         574         583        1248         312        1317        1350        1414        1427

  Columns 1198 through 1206

        1777        1787         557        2004         698        1083        2185        1928        1271

  Columns 1207 through 1215

         346        1999         484         598         326         638         130         526         758

  Columns 1216 through 1224

        2170        1386        1236        1557        1705          59          98         253         495

  Columns 1225 through 1233

         331        1815         915         203        1065        2169        1897          41         275

  Columns 1234 through 1242

         415         870         368        1810         755         481          19         636        1759

  Columns 1243 through 1251

        1014        1292          65         704        1006        1347         572         953        1319

  Columns 1252 through 1260

        1478        1221         692           8         281         371        1678        1723         153

  Columns 1261 through 1269

           1          67          78          79          87          99         188         256         199

  Columns 1270 through 1278

         202         205         207         211         226         252         255         291         258

  Columns 1279 through 1287

         260         303         358         309         311         342         347         382        2172

  Columns 1288 through 1296

         585         403         405         409         435         438         443         448         454

  Columns 1297 through 1305

         474        2094         503         518         524         573         590         595         596

  Columns 1306 through 1314

         601         602         641         711         654         671         678         681         684

  Columns 1315 through 1323

         731         764         752         757         765        2038         771         783         797

  Columns 1324 through 1332

         812         828         835         854         871         874         878        1912         880

  Columns 1333 through 1341

         883         913         919         935         936         951         984         988        1000

  Columns 1342 through 1350

        1012        1003        1050        1124        1057        1059        1071        1074        1086

  Columns 1351 through 1359

        1091        1143        1197        1256        1442        1310        1365        1366        1374

  Columns 1360 through 1368

        1388        1397        1402        1419        1441        1444        1910        1446        1454

  Columns 1369 through 1377

        1482        1500        1502        1526        1538        1546        1552        1554        1652

  Columns 1378 through 1386

        1599        1583        1596        1597        1613        1616        1623        1636        1642

  Columns 1387 through 1395

        1854        1703        2007        1714        1715        1749        1762        1779        1785

  Columns 1396 through 1404

        1837        1842        1879        1894        1985        1913        1915        1932        1941

  Columns 1405 through 1413

        1975        1976        2025        2063        2069        2072        2090        2116        2122

  Columns 1414 through 1422

        2123        2139        2177           5           6           7           9          12          15

  Columns 1423 through 1431

          18          23          26          27          28          29          31          32          34

  Columns 1432 through 1440

          36          38          40          49          52          61          66          71          72

  Columns 1441 through 1449

          76          77          80          84          85          86          88          89          90

  Columns 1450 through 1458

          91          92          94         101         105         106         108         112         117

  Columns 1459 through 1467

         119         123         128         131         134         140         141         145         147

  Columns 1468 through 1476

         152         155         157         158         159         168         174         175         176

  Columns 1477 through 1485

         181         186         189         190         194         196         197         198         210

  Columns 1486 through 1494

         212         220         221         222         224         225         227         230         231

  Columns 1495 through 1503

         234         238         243         244         246         247         249         254         259

  Columns 1504 through 1512

         263         265         267         268         269         270         273         276         278

  Columns 1513 through 1521

         282         283         285         286         287         290         298         299         300

  Columns 1522 through 1530

         305         310         313         314         333         335         337         338         343

  Columns 1531 through 1539

         345         348         349         351         353         355         356         363         367

  Columns 1540 through 1548

         372         374         376         377         379         380         385         387         392

  Columns 1549 through 1557

         393         395         396         398         406         407         408         410         412

  Columns 1558 through 1566

         416         420         421         426         427         433         441         445         446

  Columns 1567 through 1575

         451         457         458         462         464         471         473         476         477

  Columns 1576 through 1584

         478         482         487         488         490         496         497         499         501

  Columns 1585 through 1593

         510         515         516         525         530         535         536         537         538

  Columns 1594 through 1602

         540         544         547         548         551         552         555         558         561

  Columns 1603 through 1611

         563         564         567         569         570         580         586         588         591

  Columns 1612 through 1620

         592         593         597         599         600         608         609         610         613

  Columns 1621 through 1629

         614         620         622         623         627         631         632         635         639

  Columns 1630 through 1638

         643         647         648         649         650         652         662         665         675

  Columns 1639 through 1647

         676         677         685         688         695         696         699         703         705

  Columns 1648 through 1656

         712         714         715         721         723         724         727         734         738

  Columns 1657 through 1665

         741         744         745         747         748         753         759         760         767

  Columns 1666 through 1674

         773         776         777         780         784         786         788         791         793

  Columns 1675 through 1683

         800         801         807         811         816         818         820         821         823

  Columns 1684 through 1692

         825         826         832         833         834         836         838         839         840

  Columns 1693 through 1701

         842         844         846         847         849         857         858         860         862

  Columns 1702 through 1710

         865         869         875         877         881         882         885         888         891

  Columns 1711 through 1719

         896         897         900         901         902         903         907         908         910

  Columns 1720 through 1728

         916         920         925         926         929         930         933         937         938

  Columns 1729 through 1737

         944         947         948         949         954         957         965         976         977

  Columns 1738 through 1746

         978         980         981         987         991         994         995         996        1004

  Columns 1747 through 1755

        1007        1008        1010        1011        1020        1025        1027        1030        1031

  Columns 1756 through 1764

        1033        1034        1041        1043        1046        1054        1056        1060        1069

  Columns 1765 through 1773

        1073        1076        1077        1080        1082        1084        1085        1092        1093

  Columns 1774 through 1782

        1097        1098        1099        1102        1104        1107        1109        1111        1113

  Columns 1783 through 1791

        1115        1116        1117        1121        1122        1127        1128        1129        1140

  Columns 1792 through 1800

        1148        1151        1155        1156        1160        1165        1168        1169        1171

  Columns 1801 through 1809

        1175        1183        1184        1186        1192        1194        1196        1200        1201

  Columns 1810 through 1818

        1202        1203        1204        1207        1210        1216        1219        1220        1222

  Columns 1819 through 1827

        1224        1227        1228        1230        1231        1233        1235        1237        1243

  Columns 1828 through 1836

        1249        1250        1251        1258        1260        1267        1269        1273        1276

  Columns 1837 through 1845

        1277        1278        1280        1281        1283        1285        1288        1289        1293

  Columns 1846 through 1854

        1298        1299        1301        1302        1305        1307        1308        1311        1312

  Columns 1855 through 1863

        1313        1315        1318        1320        1322        1324        1327        1334        1336

  Columns 1864 through 1872

        1338        1351        1352        1353        1358        1360        1364        1370        1371

  Columns 1873 through 1881

        1376        1378        1379        1380        1381        1383        1384        1389        1393

  Columns 1882 through 1890

        1399        1400        1411        1413        1415        1416        1417        1418        1422

  Columns 1891 through 1899

        1424        1425        1426        1430        1433        1435        1436        1438        1440

  Columns 1900 through 1908

        1443        1447        1451        1452        1456        1457        1460        1461        1462

  Columns 1909 through 1917

        1463        1464        1467        1468        1471        1474        1475        1476        1479

  Columns 1918 through 1926

        1480        1486        1488        1489        1490        1493        1494        1496        1497

  Columns 1927 through 1935

        1499        1506        1510        1512        1516        1518        1519        1522        1524

  Columns 1936 through 1944

        1525        1533        1535        1540        1543        1544        1547        1549        1550

  Columns 1945 through 1953

        1555        1556        1559        1564        1570        1572        1574        1575        1576

  Columns 1954 through 1962

        1577        1578        1579        1585        1588        1594        1595        1600        1602

  Columns 1963 through 1971

        1603        1606        1611        1614        1617        1618        1620        1631        1633

  Columns 1972 through 1980

        1634        1637        1639        1644        1648        1651        1653        1665        1667

  Columns 1981 through 1989

        1668        1669        1670        1671        1672        1674        1684        1685        1688

  Columns 1990 through 1998

        1690        1693        1697        1702        1706        1708        1711        1717        1721

  Columns 1999 through 2007

        1725        1727        1733        1735        1736        1737        1740        1742        1744

  Columns 2008 through 2016

        1746        1747        1748        1750        1751        1752        1756        1757        1758

  Columns 2017 through 2025

        1761        1765        1766        1769        1770        1771        1772        1773        1775

  Columns 2026 through 2034

        1778        1780        1782        1783        1789        1793        1794        1795        1797

  Columns 2035 through 2043

        1801        1803        1804        1808        1809        1814        1818        1819        1825

  Columns 2044 through 2052

        1826        1828        1832        1835        1838        1840        1843        1844        1846

  Columns 2053 through 2061

        1848        1849        1850        1853        1856        1857        1858        1859        1862

  Columns 2062 through 2070

        1863        1864        1866        1867        1869        1872        1877        1881        1882

  Columns 2071 through 2079

        1886        1887        1888        1890        1895        1896        1898        1900        1902

  Columns 2080 through 2088

        1903        1906        1907        1911        1919        1920        1922        1925        1929

  Columns 2089 through 2097

        1930        1933        1935        1937        1944        1948        1949        1950        1951

  Columns 2098 through 2106

        1953        1959        1962        1966        1969        1970        1971        1974        1977

  Columns 2107 through 2115

        1978        1979        1980        1981        1987        1988        1990        1994        1995

  Columns 2116 through 2124

        2001        2002        2003        2006        2008        2012        2013        2015        2016

  Columns 2125 through 2133

        2017        2026        2027        2028        2031        2032        2034        2035        2037

  Columns 2134 through 2142

        2039        2040        2043        2044        2046        2054        2058        2062        2065

  Columns 2143 through 2151

        2067        2070        2071        2076        2077        2079        2080        2081        2083

  Columns 2152 through 2160

        2085        2086        2087        2089        2091        2092        2095        2098        2101

  Columns 2161 through 2169

        2103        2105        2109        2111        2112        2114        2115        2124        2125

  Columns 2170 through 2178

        2130        2134        2137        2138        2140        2142        2145        2148        2149

  Columns 2179 through 2187

        2150        2151        2154        2158        2159        2160        2161        2164        2167

  Columns 2188 through 2193

        2171        2173        2174        2182        2183        2190