Columns 1 through 8

        1237        2291        2747        3135        3167        2159        1928        1613

  Columns 9 through 16

        3366        1699        2158        2889        2479          13        2387        2590

  Columns 17 through 24

        1113        1019        3569        2913        1283         926         105        2212

  Columns 25 through 32

         520        2638        2618         703        1119        2310        2818         146

  Columns 33 through 40

        1790        3420        3532        2472         934        2186         117        2325

  Columns 41 through 48

         402         618        2116        1935        1993        1698        2030        1576

  Columns 49 through 56

        3203        2083        2368        3511        3028        2391        3634        2734

  Columns 57 through 64

         928        1126        1671        3394        2188         486        3253        3240

  Columns 65 through 72

        1916        2551         761        1101         361          19        1599        3503

  Columns 73 through 80

         630          57        3593         778        2029         310        2386        2932

  Columns 81 through 88

        3514        2806        3969        1886        1264        1367        3744        2900

  Columns 89 through 96

        1697        2610        2738         397         669        2512        2191         186

  Columns 97 through 104

        1081         372        1092        2385        1777        1228        1200         162

  Columns 105 through 112

        1244        2156        2796        1627         996        1533          44        3523

  Columns 113 through 120

         932         950        1558         859        1379        1913        3196        1472

  Columns 121 through 128

        4021        1906        2898        3896        2553        1473         145        2820

  Columns 129 through 136

        2275        2464         895         182        1447        2266        2294        1306

  Columns 137 through 144

        1673         115        1939        3953        1815        2785        1997        2031

  Columns 145 through 152

        1729         729        1095        3685        2274        1881        2937        1603

  Columns 153 through 160

        3174        3404        2046         181        3158         367         773         389

  Columns 161 through 168

           4        2138        3915        2902        3792        2906        3418        3208

  Columns 169 through 176

        2705        3757         951        1229        2252        2819         917         710

  Columns 177 through 184

        2064        3784         567         508        1078        3317        2033        2957

  Columns 185 through 192

        3959        2392        2565        2802         811         312         621        2024

  Columns 193 through 200

        3911        2562        2089        1070        2976        3006         784        3820

  Columns 201 through 208

         646        3763         987        2406        3534        2634        1638        1854

  Columns 209 through 216

        2077        2170         318        3115        2540        3798         945        3411

  Columns 217 through 224

        3073          55        3276        2627        1489        4031        1751        3075

  Columns 225 through 232

        3804        2388        3902        2276         929        2642        1629        2178

  Columns 233 through 240

        1931        3087        2149        2911        1669         333        1797         830

  Columns 241 through 248

         330        1288        2846        3944        1829        2667        3150        3221

  Columns 249 through 256

        1583         503          17         892        3416        3677        2935        2945

  Columns 257 through 264

         261        1421        3552         581        1485        3655        3604        2246

  Columns 265 through 272

        1310        2859         398        2288         751        3376         701         516

  Columns 273 through 280

        2008        3149        4020        3624        2336        3180        3345        1915

  Columns 281 through 288

         869        1412          65        3286        3251        1261        3056         316

  Columns 289 through 296

        1639        1694        3403         421          23        1731        2991         699

  Columns 297 through 304

         870        3556        2643         464         670        1211        3117        2858

  Columns 305 through 312

        1455        4004         854        2799        1402        1133        1975        3653

  Columns 313 through 320

        2164        1371          78         203        3909        1457         413         239

  Columns 321 through 328

        1021        2433        3545        2260          63        2877        3227         886

  Columns 329 through 336

        2995        3428        3406        3630        2240        1361        2185        3835

  Columns 337 through 344

         124        4002        2355        1187        3802        3952        3874         482

  Columns 345 through 352

         437        1715         171        1370        1282        2328         501        3496

  Columns 353 through 360

        3981        3273         180        3720        1679        2152        2712        1358

  Columns 361 through 368

        1383        3893         850         242        2455        2482        2569         375

  Columns 369 through 376

          99         777         760        2636        3456        1748        3637        3708

  Columns 377 through 384

        2728        1502        3797        3207        3561        1850         719        1300

  Columns 385 through 392

        3089        2925         279        2320         940        3728        1988        1131

  Columns 393 through 400

        1952         555        2848        2941        1838         414        3039        1061

  Columns 401 through 408

        1497        1891         178          94        3855        2348         562        3044

  Columns 409 through 416

        1010        1853         233         227        3985        2637        2341        2412

  Columns 417 through 424

        2757        1073        3013        1354        3675        2396        3746        3692

  Columns 425 through 432

         602         771        3620         990        3775         614        2287        3672

  Columns 433 through 440

        1462        1927        1947        2337        3899        3466        1029        3973

  Columns 441 through 448

        2567        3590        3895         814        3475        2278        1619        1648

  Columns 449 through 456

        1355        2354        3368        2006        3061        2665        3331        1999

  Columns 457 through 464

         225        3184        3308        3812         721        1985         641        3659

  Columns 465 through 472

        1049        3118        3623        1870         290        3829          96        3355

  Columns 473 through 480

        1836          26        2867        2181         356        2921        2308        2754

  Columns 481 through 488

        2036        3065         986        1735         798        2690        1337        2183

  Columns 489 through 496

        2352        1491        3256         997        2992        2713         429        3527

  Columns 497 through 504

         931         500         576         513          54        1002        1550        2339

  Columns 505 through 512

         884         946        3054         924        1919        2671        1456        3170

  Columns 513 through 520

        1268        1437        3927        2662        1324        2679        1329        2999

  Columns 521 through 528

        1540        3491        1760         345          62        3372          77        3976

  Columns 529 through 536

         460        1894        3936         149         161         210        1419        1764

  Columns 537 through 544

        2589         150        1621        2350        2885         755        2890        3314

  Columns 545 through 552

         416        2237        2293          43        2247        3385         278        1173

  Columns 553 through 560

        3417         706        1150        1647        1769          49        3755        2641

  Columns 561 through 568

          83         905        1114        1109         467         704        1710         191

  Columns 569 through 576

        2037         738        2175        1219         548        2195         102        1635

  Columns 577 through 584

        1006         304        1331        1076        2305        2450        3536        2719

  Columns 585 through 592

        3202        2126        3643        2790        2940         648        3058         547

  Columns 593 through 600

         522         314        1875        1987        1564        2078         451          38

  Columns 601 through 608

         985        3932        1521        2615         322         487        1687        2503

  Columns 609 through 616

         399         167        3081        1994        1392        3710         106        1118

  Columns 617 through 624

        3809        3108           3         570         679        2363         294        1435

  Columns 625 through 632

         757        3233        3185        2652        1843         923        1573         786

  Columns 633 through 640

        1424        2910        3133        2131        3524        3136        2250         373

  Columns 641 through 648

          79        1380        3455         459         425         687        3297         406

  Columns 649 through 656

        1798        3689        2318         276        2578         473        2081         826

  Columns 657 through 664

        3165        3248         728        1824        2759         444         565        3281

  Columns 665 through 672

         386        2953        1643         174        2608         152        2232        2180

  Columns 673 through 680

        3579        2372          25        1278        3409        1971        3486        3112

  Columns 681 through 688

         557        1052        2675        3813        1144        1479        3093         492

  Columns 689 through 696

         109          92        1801        3157         818        2787        3464         647

  Columns 697 through 704

        1920        2145        3596        1924        3926         206         396         518

  Columns 705 through 712

        3691         388        1269        1938         358        2399        1689        1036

  Columns 713 through 720

        1578        2456        3094        3290        3978        3680        1567        3964

  Columns 721 through 728

        1015        3738        2752         742        1286        1910        1011        1362

  Columns 729 through 736

         549         103         694        1539        1561         790        3850        4037

  Columns 737 through 744

        2172        4001        1827        2121        1670        3008        2487        2213

  Columns 745 through 752

        3667        3260        3811        2883        2214        2884        3102        2541

  Columns 753 through 760

        1512        1978        3447         489        2869        3541        1365        1168

  Columns 761 through 768

         612        1695        3193        1866        2034        3257        3993        2424

  Columns 769 through 776

        2904        3041         933         296        1022        1956        2765        3419

  Columns 777 through 784

        2117        1139        2985        1352        2521        2230        2309        2419

  Columns 785 through 792

        2434        2938        2112        1746        1979        2822         351        2103

  Columns 793 through 800

         638        2335        3388        1252        3580        1398        3955        1774

  Columns 801 through 808

        2418        1581         744         494        2939        1247        2750        1112

  Columns 809 through 816

        3704        2401         606         663        1285        1534         772         355

  Columns 817 through 824

        3769        3325         428        2197         295        1086        2091         368

  Columns 825 through 832

        2277        1226        3668        3351        1490        2583         443        1074

  Columns 833 through 840

         785         439         907        2536         127         170        2771        1955

  Columns 841 through 848

        2301        2663        3510        2496        1883         484        2284         714

  Columns 849 through 856

        3067        2856        1062         410          21         979        3508        3694

  Columns 857 through 864

        2316         796        2283        1582         722        3577        1375        1292

  Columns 865 through 872

         596        1035        1423        1674        1120          29         890        1554

  Columns 873 through 880

         282        2365         829         187        1591        2531        3217        2005

  Columns 881 through 888

        2714        1494        2416        1242        3160        3119        3031        1059

  Columns 889 through 896

        1054        2153        4036        2429        3560        2582        1685        1726

  Columns 897 through 904

        3615         910        2693        1645        3434        3462        1103         121

  Columns 905 through 912

        1254          50        1793        2045        2817        1038        1321        3828

  Columns 913 through 920

        1542        4028        1265        1611         404        3800        2746           2

  Columns 921 through 928

        3450          97        2821        1504        2193        3768        3371         195

  Columns 929 through 936

        1134        1171        3584        1245        1020        1934        2436         925

  Columns 937 through 944

        3280        1420         636        2492        1896        1274         741        1861

  Columns 945 through 952

        2042        4005        3898        2242        1185        1102        1749         537

  Columns 953 through 960

        3834        2874        3168         592        3182         490         420        2332

  Columns 961 through 968

        1604        1104        1353         900         961        1084        3163        2076

  Columns 969 through 976

        2777         968         820        3049        2319        2187        3868        4007

  Columns 977 through 984

         434        1628        2611        3266        3833        2609         347        2845

  Columns 985 through 992

        2306        2613        3262        3069        1851        3003        3574        3535

  Columns 993 through 1000

        2700        2947        3026        1106         441        2851         600        1193

  Columns 1001 through 1008

         335         515        3342        2596        2696         131        1384        1289

  Columns 1009 through 1016

        3477        1454        3761          88        3120        1808        1312        1940

  Columns 1017 through 1024

        1116        2871        2422        2327        3181        3628        2559        1178

  Columns 1025 through 1032

         527         765        3027        3424         165         702        1072        1761

  Columns 1033 through 1040

        2169        1977         963        3197        1080         856        3398        1800

  Columns 1041 through 1048

        1357         740           1        3888         656         628        2498        3482

  Columns 1049 through 1056

        1813        2364        1439        3848        1807        3881        1783         620

  Columns 1057 through 1064

        2346        1206        2285        3557        2776        2090        1732        1605

  Columns 1065 through 1072

        1745        1179        3145        1551        1484        1872        2810         688

  Columns 1073 through 1080

        2745        2733        3311        3364         745        3736          89        1481

  Columns 1081 through 1088

        1755        3690        2120        2779        2074         538        1422        3613

  Columns 1089 through 1096

        3752        2413        2340        1196        3303         568        1691        1298

  Columns 1097 through 1104

         224         308        3494        1744        2011        2661         943        3650

  Columns 1105 through 1112

        1234         286         902        1004        2908        1017        2972        3731

  Columns 1113 through 1120

         575        2174        3472        2113        3161        2767         164        3465

  Columns 1121 through 1128

        2161        1990        1937        3817        3839         249        2377         954

  Columns 1129 through 1136

        2781         593        2227         747         457        2027        3415        1127

  Columns 1137 through 1144

         192        1046         211        1487        1734        3057         906         231

  Columns 1145 through 1152

        1311         221         266        2864        2855        3399        1701        4030

  Columns 1153 through 1160

         971         601        3043         531        3968        3750        3995        3876

  Columns 1161 through 1168

         808        2994        1387        3912        1418        2044        2888        2805

  Columns 1169 through 1176

        1227        1240         783        1692        3468        3734        2695        1197

  Columns 1177 through 1184

         613        3243        2382         481        1767        3291         544        3729

  Columns 1185 through 1192

        1425        3519        3698         974         661        2313        2431         409

  Columns 1193 through 1200

        3254        3435         394         852         652         315        2050        2586

  Columns 1201 through 1208

        1858        2061        2254        3937        1696        2084        3274        2110

  Columns 1209 through 1216

        1855        2952        3788         284        3451        1483        2698         848

  Columns 1217 through 1224

        1762        1828        2203        2833        3173        2635        3194        3363

  Columns 1225 through 1232

        1345        2162        2990        1341        3329        1184        3138         960

  Columns 1233 through 1240

        3789         385        2676         836        2593        2683        2857         234

  Columns 1241 through 1248

        1678        3870        1091          15        3244        2964        1672        1170

  Columns 1249 through 1256

        1923        1944        1400        1027         185        2836        2929        3390

  Columns 1257 through 1264

         838         643         737        3166        2626        2772         321        2393

  Columns 1265 through 1272

        3316        1834        3375        2547        1575        1544         539        1316

  Columns 1273 through 1280

         116        1111        1537        1936        3264        1810        1525        1271

  Columns 1281 through 1288

         750        2142        1953         552        3845        2903         916         488

  Columns 1289 through 1296

         678        1135         435         959        1841        1180        3609        3665

  Columns 1297 through 1304

        1305         776        2357        2689        2263        3287         632        2444

  Columns 1305 through 1312

        3200        1122         880         512         112         455        1214         696

  Columns 1313 through 1320

         840        2808         815        2480        2394        3827        1373        1528

  Columns 1321 through 1328

        1736        3501         787        3229        1973        2623        2981        3352

  Columns 1329 through 1336

         319        1177        2748         833        2868        3019        3396        1876

  Columns 1337 through 1344

        3471        2684        1620        1385         569        3051        1451         499

  Columns 1345 through 1352

        1822        2366        1048         172         142        3146        1202        1902

  Columns 1353 through 1360

         214         213         919        1040        3090         298         582        3919

  Columns 1361 through 1368

        3521        3958        2934         456        1606        1998        2528         189

  Columns 1369 through 1376

        1188        3457         471         622        2616          71        1529        3245

  Columns 1377 through 1384

         768        2298        3707        1737        3852        4003        2563        3271

  Columns 1385 through 1392

        2432         252        3826        1574        2486        1816        3518         666

  Columns 1393 through 1400

        2887        2736        2524        2827         759        1684        3946         743

  Columns 1401 through 1408

        1958        1720        1281         292         875         788         720        1820

  Columns 1409 through 1416

        2730        3967        2701        1448        3903        2292        4017        1616

  Columns 1417 through 1424

         911        4014         166         753        2749        4013        3847         445

  Columns 1425 through 1432

        3083        3354        1315        3533        3305        1217        3805        2051

  Columns 1433 through 1440

         246         447        2198        2258        3444        2834        3625        2032

  Columns 1441 through 1448

        2375        3825        1794        3362         962        3148        3697        1892

  Columns 1449 through 1456

        3164         764         585        2936        1579        1190        3162         767

  Columns 1457 through 1464

        3621        3410        2360        3565         713        3046        2257         551

  Columns 1465 through 1472

        3587        3324        3582        1634        1600        1719        2983        3972

  Columns 1473 through 1480

         668         475        2552         369         139        3555         126        3187

  Columns 1481 through 1488

          58         260        3721          40        1346        1770        2865        2331

  Columns 1489 through 1496

        3767        1314        3423        1320         130        2732         589        1905

  Columns 1497 through 1504

         952        2962        3700         497        2704        2439        2041        3224

  Columns 1505 through 1512

        2711        3310         291        3776         631        1972        1833        2075

  Columns 1513 through 1520

        3190        1569        2650        2012        2140        1596        3526        1941

  Columns 1521 through 1528

        3289        3594        2831        2651        3128         251        1469        2150

  Columns 1529 through 1536

         462        1880         682        1129        1016        4011         390        1548

  Columns 1537 through 1544

        2245        2965        2514        2511         338        1556        1743        1908

  Columns 1545 through 1552

        2793        1632        1099        3347        1284        2568        1034        2789

  Columns 1553 through 1560

        3712        2968        3676        1408         197         878        2297         993

  Columns 1561 through 1568

        3336        1132         326        2057        3714        3437         156         285

  Columns 1569 through 1576

         781         201        3713        1163        3332        3176        3302        3206

  Columns 1577 through 1584

        3001         218        3505        3702        3948         705        3639        1192

  Columns 1585 through 1592

        2523        2697        2414        1943        1051        1032        2598          46

  Columns 1593 through 1600

         334         485         849        3578         343        3374         129         981

  Columns 1601 through 1608

        2147        1205        1055        1945          35        2134        2807        1682

  Columns 1609 through 1616

        2572         579         897         584        1257        2280         912         374

  Columns 1617 through 1624

        3846        2963         689         300        2269        1154          64        2085

  Columns 1625 through 1632

        1667        2488         125        2421         752         851        1470        1552

  Columns 1633 through 1640

        2633        1986        2471        1428        3246        2926        1849         364

  Columns 1641 through 1648

        3335        1141        3917        2809        3312        1394         984         438

  Columns 1649 through 1656

        1317        1025         154        1475        3711        2216          66        3232

  Columns 1657 through 1664

        2778        3836         754        3737        2408         400        3851        3241

  Columns 1665 through 1672

        3321        2115        2025        3808        1785         193         967         138

  Columns 1673 through 1680

        3554        2973        1535        3367        3648         238        1013         563

  Columns 1681 through 1688

        3178        1449        2557          20        1680        1043         405        2515

  Columns 1689 through 1696

         339         415         328         140        3017        1079        1143        2727

  Columns 1697 through 1704

        2097        3155        3684        3832        2423         941         204        2726

  Columns 1705 through 1712

        3887         504         780        2912        1825        1328        2347         861

  Columns 1713 through 1720

        1668        1925        2206        3635        2542        2510         323        3198

  Columns 1721 through 1728

         177        1287        1803        3699        1233        2788        3743         733

  Columns 1729 through 1736

        3349        1426        3924         839        3121        3781        3934        1593

  Columns 1737 through 1744

         872         649        2060         452        2516        1432        2811          14

  Columns 1745 through 1752

         147        1460         629        2664        2520        3719        3897        1262

  Columns 1753 through 1760

        4000        1659         560        2497         700        2184        2928          33

  Columns 1761 through 1768

        2101         477        2265        3947        2564        1662         288        1057

  Columns 1769 through 1776

        3360        2026        2919        3616        3807        2639        2349         431

  Columns 1777 through 1784

        3063        2797        3188         574         545        3950        1622        2342

  Columns 1785 through 1792

        2441         436          74        2680        1255         341         293        3681

  Columns 1793 through 1800

        2768        3495        3507        3612        3493        3009        2774        2053

  Columns 1801 through 1808

        2446        1514        2988        3970         245        1984        1844        1792

  Columns 1809 through 1816

        1901         731        1818        2640          70        3913        2141         446

  Columns 1817 through 1824

        2473          81        2603        1967        2522        1246        1270          22

  Columns 1825 through 1832

        1585        1388        1391        2160        1510        3818        1003         262

  Columns 1833 through 1840

         528        1728        3975        3449        3098        1615        2753        1000

  Columns 1841 through 1848

         627        2468        2686        1238         173        3359        2763        3762

  Columns 1849 through 1856

        2688        3141         994        3384        1747        3053         608        3076

  Columns 1857 through 1864

        3758        1951        2379         493        2687        2009         533        3387

  Columns 1865 through 1872

        3678        2571        2573        2015        1406        2290         965        1088

  Columns 1873 through 1880

        1162         909        3499         676         887         432        1236        1478

  Columns 1881 through 1888

        3980        2860        3030        2190         277        3285         635         732

  Columns 1889 through 1896

        3370        1607         842        2093        3034         383        1041         122

  Columns 1897 through 1904

         756        1864        2555        3092        2378        3201          56        1921

  Columns 1905 through 1912

        1516        3485         855        2723        3218        3126        4023         866

  Columns 1913 through 1920

        2118        1066        2813        3601        2804        1750        2370        2303

  Columns 1921 through 1928

         746        2179        3930        1563         450         393        1309         458

  Columns 1929 through 1936

        1443        2784        2425         792        1107        3543        1543        2299

  Columns 1937 through 1944

        1903        2483        1235         141        3215         675        3858        2960

  Columns 1945 through 1952

        2579        3104        2645        3071        2127         336        2505        3962

  Columns 1953 through 1960

         216        3373        2812        2272        2803         774        3591        2574

  Columns 1961 through 1968

        1067        3129        2018        2225        3890        1922        1295        2873

  Columns 1969 through 1976

          61        1610        1332        4006        3339        2133         208        2843

  Columns 1977 through 1984

         352         228        2080        1465        1189        2647        2761         143

  Columns 1985 through 1992

        2302        2786        2447        2554         874        2495        1688         860

  Columns 1993 through 2000

        3963        3131        2584        1871        2862        3460        1773        2208

  Columns 2001 through 2008

        1156        3050        1890        2896         566         317          28           7

  Columns 2009 through 2016

         599         806         542         904        3191        1347        2222        1686

  Columns 2017 through 2024

        1488         835        1911         478           5        1878        2474        3856

  Columns 2025 through 2032

        3259        2139        3237         337         695        3234        1531        1933

  Columns 2033 through 2040

        1467         132        1763        1350        2020        2217        1097        2154

  Columns 2041 through 2048

        3393        1381        2840         114         120        1683        1518        3213

  Columns 2049 through 2056

         976         657         716        1201        1848        1266        2428         650

  Columns 2057 through 2064

        1765        2459        3346        1323        3780         915          32         671

  Columns 2065 through 2072

         834        3132        2358         651         800        1124         725        3497

  Columns 2073 through 2080

        3631        2304        2872        2755        3705        2587        3831         273

  Columns 2081 through 2088

        2494        1056          37         828         658         119        1811        1376

  Columns 2089 through 2096

        2681        1308        3717        2644         877        3999        2673        3571

  Columns 2097 through 2104

        3250        3602        1351        2621        2148        1709        1405        2942

  Columns 2105 through 2112

        1195        3097        3272         920        1417         274        2961        1839

  Columns 2113 through 2120

        1414         268        1436        3740        3300        1369        3062        3096

  Columns 2121 through 2128

        3872        2052         758        2143        4038        3670        2070         454

  Columns 2129 through 2136

        3821         244        3222        1809        2739         809        2606        2049

  Columns 2137 through 2144

         543        2944        3633        2597        3228         623        3905         853

  Columns 2145 through 2152

        2403        2518        3642        2715        3298        2096        1068        2040

  Columns 2153 through 2160

        3877        1231        2229          42          95         384        2678        1904

  Columns 2161 through 2168

        3706        2168        3544        1914        3474        3806        1461        1164

  Columns 2169 through 2176

        2345         712         324        1403         969        1108        3841         898

  Columns 2177 through 2184

         254        2165        2735         160        3052        3787        2248         590

  Columns 2185 through 2192

        1515        1366        1452        3199        2132        1267        2367        3843

  Columns 2193 through 2200

        1071        2016         583        1493        1322         209        3431        1089

  Columns 2201 through 2208

        1146        1791        1982         683        3130        1895        1520        3974

  Columns 2209 through 2216

         619        3671        1256        3421        2000        3873        3186        3397

  Columns 2217 through 2224

        3559        3908        2602        2218        3175        2071         873        1121

  Columns 2225 through 2232

        1230        2376         110        2731        2544        3583          87          36

  Columns 2233 through 2240

        3622         605        2886        2830        2854        2709        2878        2905

  Columns 2241 through 2248

        1440        3226        2438        2545        2448        2527        2824         100

  Columns 2249 through 2256

         881         430        3957        1926        2296         793         199        1243

  Columns 2257 through 2264

        1446         578        3441        3074        2978        1372         465        1759

  Columns 2265 through 2272

         899        1772        2100         270        3255        3531        2899        1442

  Columns 2273 through 2280

        3344         556        3567        1929        2558        2595        1655        3267

  Columns 2281 through 2288

        3883        1069         377        2445         407         953        2221         468

  Columns 2289 through 2296

        1703        2253         975         554        3356        1239         595        2435

  Columns 2297 through 2304

         864        2224        2136        2870        2021        3916        3860        2909

  Columns 2305 through 2312

          84        2151        2756         237         935        1458          10        2969

  Columns 2313 through 2320

        1646        1404        2741        2289        1865        3389         426          24

  Columns 2321 through 2328

        3407        3088        2931         942        3307         179         888        4012

  Columns 2329 through 2336

        2853        2251        3929        3142        2323        3875        2950        2837

  Columns 2337 through 2344

        4034        1343        3000        1771        3383        2462        3942        2437

  Columns 2345 through 2352

         640        4022        1530        1565        3595        3742        3735        2055

  Columns 2353 through 2360

        2758         664        2038        1718        2261        3517        1814        3600

  Columns 2361 through 2368

        3733        3091        1961        2417        3773         831        1571        3107

  Columns 2369 through 2376

        1787         442        1348          27         433         135        2286        2576

  Columns 2377 through 2384

        3313        1299        1741        1396         163        2491        2897        1721

  Columns 2385 through 2392

        1026        1874        2259        2282        2832         108        2200         939

  Columns 2393 through 2400

        1023        1210          69        1949         153        1058        3024         496

  Columns 2401 through 2408

        3037        2475        2010         559        1291        2876        3727        2389

  Columns 2409 through 2416

        2202        3687         366         697        3589         653        1275        1652

  Columns 2417 through 2424

         642        3530        2220          91        3971        3452        2974        1869

  Columns 2425 through 2432

        2943        1888        3412        3195          11        1778        2550        3294

  Columns 2433 through 2440

        3361         519        2632        1624        1153        3564        1325        3386

  Columns 2441 through 2448

         709        1557        3724        1159        4032        2146        3340        1427

  Columns 2449 through 2456

        3960        1899        1730        2234        1653        3282        3295        3599

  Columns 2457 through 2464

        2226        2581        2426        3725        1587        2326         865         989

  Columns 2465 through 2472

        1754         913        1845        3478        1085         354         966        2826

  Columns 2473 through 2480

         843        1272        1100        2395        3481        3341        2762        3095

  Columns 2481 through 2488

        1313        2163        2405         914        1784        3502        2407        2984

  Columns 2489 through 2496

        1959         263         837        2189        2384         763        2721         998

  Columns 2497 through 2504

        2410        2415        3038        1096        2535        2381        2782        2023

  Columns 2505 through 2512

        3867        3629         817        1753        1546          18        1930         674

  Columns 2513 through 2520

        3882        3605         476        3756         134        3900        1676        2123

  Columns 2521 through 2528

        1158        1204         607         730        1042         791         247         534

  Columns 2529 through 2536

         681          68        3443        3513         972        3032         947        3862

  Columns 2537 through 2544

        3433        1526        3666        3558         957         936        1014        1932

  Columns 2545 through 2552

        3528        1830        3279        3153        2322        1137        2239        2951

  Columns 2553 through 2560

        3618        3573        2359        3379        1545        3701        2955         944

  Columns 2561 through 2568

        3840        2891        3920        1039        2458        2201        3951        1846

  Columns 2569 through 2576

        1047        2502        1093        2691          86        2204         999         144

  Columns 2577 through 2584

        1377        1117        3938         379        3816        2467         340        3011

  Columns 2585 through 2592

        3837        3824        3651         949        2880        1480        1368        2262

  Columns 2593 through 2600

        3445        1225         665        3977         424        2105         395        2223

  Columns 2601 through 2608

        4026        3470        1693        1756        3793        2658        2744         514

  Columns 2609 through 2616

        4008        3036         353         272         196         382         107        3682

  Columns 2617 through 2624

         380        2800        2013        3277        1519        2996        1589        1636

  Columns 2625 through 2632

        3480         805        3171        1954        2079        3014        1642        2338

  Columns 2633 through 2640

          72        2685        2556         691        2460        2334        1708        1410

  Columns 2641 through 2648

        1522        2852        2489         327        3116        3864        3426        3592

  Columns 2649 through 2656

        2612        1434        3540         463        2243        1259        1223        2971

  Columns 2657 through 2664

         980        1690        1123        2028         532         412        3989        1165

  Columns 2665 through 2672

        1140        2724        3673        3822        3669        1572        1893        2321

  Columns 2673 through 2680

        1706         727        1873        2312        2607         517        2543        1555

  Columns 2681 through 2688

        2915        3487        2537        1598        3391        2192        1009         510

  Columns 2689 through 2696

        1215         506        1277         789         423         973        4039         530

  Columns 2697 through 2704

         766         779         734        3085        1594        3004         819        3664

  Columns 2705 through 2712

         659         982         311        1786         169        3459        1812         711

  Columns 2713 through 2720

        1626        2194        1415         280        3546           9        3247        2924

  Columns 2721 through 2728

        2729        2659        3269         329         921        3566          53        3886

  Columns 2729 through 2736

        2506        2539         832         693        1523        1338        2066        1517

  Columns 2737 through 2744

        1293        3550        1505        3113        1374         955        1444        2088

  Columns 2745 through 2752

        1474        2343        1946         587        1649        2109        2477        1138

  Columns 2753 through 2760

        4016         313         572        3235        3522        3479        1028         633

  Columns 2761 through 2768

        2469        2059        2702        3322        3016        3357        3033        2504

  Columns 2769 through 2776

        3803        3223        2882         948        2490        1821        2114        3649

  Columns 2777 through 2784

        4029        2513        3270        2866        3645        3309         871        1623

  Columns 2785 through 2792

        1431        1326        2281        3220         770        1700        2588        3996

  Columns 2793 through 2800

        1063        3907        2205        2404        3079        3348        1712         205

  Columns 2801 through 2808

        1360        3730         685        1356        3646        3853        2094        3849

  Columns 2809 through 2816

         255        2129        2892        3608        3127        3252        3288        1898

  Columns 2817 through 2824

        3077        3454         466        1344         573        2740         168        3748

  Columns 2825 through 2832

        3516        2219        3732        3842          93         511         212        2398

  Columns 2833 through 2840

        3209        2725        2592        2449        1725        1037         158        1411

  Columns 2841 through 2848

        3764         868        2295        2003         480         137         223        1717

  Columns 2849 through 2856

        2657        2420        1018        2920        3790        3156        2069        1559

  Columns 2857 through 2864

        3055         885        1819        3525        3739        3283        3632        3925

  Columns 2865 through 2872

          59        1660         148        2823        3644        2766        2619        1950

  Columns 2873 through 2880

        2267         370         983        2769        1566        2881        2708        3709

  Columns 2881 through 2888

         474        1857        1209        3549        1768        3939        3047        2315

  Columns 2889 through 2896

        1496        3512        1957         229        4040        1248        1562         449

  Columns 2897 through 2904

        3048        3152        2231        3219        1570        2835        2362         588

  Columns 2905 through 2912

         307        3504        3661        1136        2317        2099        3703         540

  Columns 2913 through 2920

         692        3005        3815         200        2002         609        1401        2816

  Columns 2921 through 2928

        3436          75        1012        3110        2566        2430        3688        2967

  Columns 2929 through 2936

        2400         634        1087         470        3716        1182        1995         894

  Columns 2937 through 2944

        1094        2815        3021        1307        2095        3998        1151         561

  Columns 2945 through 2952

         813         287        1183        3484        2649        2594        2699        1609

  Columns 2953 through 2960

         217        3500        1885        3377        3987         883        3772        3012

  Columns 2961 through 2968

        1568        2409         155         157         461         257        1782        1172

  Columns 2969 through 2976

        3983        4024         882        1441        1738        3889        2361        2922

  Columns 2977 through 2984

        1224        3611        2605        3718        1942        2532        3469        2065

  Columns 2985 through 2992

        2035        1430         332        3382        1586        1588        1161        1145

  Columns 2993 through 3000

        1477        1863        2465        3064        3553         626        1030        2780

  Columns 3001 through 3008

        2829         992        1711        3330        3265        3984        1560        3656

  Columns 3009 through 3016

        2209         803        2493         350        2646        3402        3777        3438

  Columns 3017 through 3024

        2056        1702        2987        3627         381        2979        2716        2982

  Columns 3025 through 3032

        1499        1503        1199        1342        1445          30        2742        1297

  Columns 3033 through 3040

        3082        3378         821         988        3538        3614        3154        1969

  Columns 3041 through 3048

        2863        1149        3446        3179         299        3278        2966        3292

  Columns 3049 through 3056

        3986        3679         222        3192         240         226        2249        3236

  Columns 3057 through 3064

        1740        3674        2351        1527        1733        1207        3467        2383

  Columns 3065 through 3072

        3018         418        1176         799        3072         264        2794        2710

  Columns 3073 through 3080

        1450        3463          76        2798        3216        1722         639        2356

  Columns 3081 through 3088

         597          60        2674        2001        2530        1501        2631        2722

  Columns 3089 through 3096

        1251        2196         645        3747        3238         190        2907        3791

  Columns 3097 through 3104

        3327        2914         325        2986         275         289        1273        3488

  Columns 3105 through 3112

        2499        1077        1538        2484         232         718         526        3575

  Columns 3113 through 3120

        2692         891        3588         603        3122        1614         823        1053

  Columns 3121 through 3128

        1739         498        2017        3214        3570        1980        1974        3901

  Columns 3129 through 3136

         867        2171         256         303          67        2380        2466         660

  Columns 3137 through 3144

        3658        3945        2124        1438        3498        3350         812        2019

  Columns 3145 through 3152

          16        1001         427        3949        1601         202        1983        1835

  Columns 3153 through 3160

        1115        1147         591        2463        3568         184         523        2660

  Columns 3161 through 3168

        1294         893         128        1644         586        3795        1727        2669

  Columns 3169 through 3176

        1981        2007        1500        1453        3770        1413        3010        3610

  Columns 3177 through 3184

        1507        2452         509        2838        1580        1181         889        3392

  Columns 3185 through 3192

        2300        2233        2207        2068        2082        3230         403         546

  Columns 3193 through 3200

          80        1805        2125        1098        3261         918        1389        2773

  Columns 3201 through 3208

        3606        2989        3060        3172        3395        3547        3263        1065

  Columns 3209 through 3216

        2211         762        3598          98        3961        2600        3548        3991

  Columns 3217 through 3224

        2591        3432        1174        3861        3343        3296        2004         348

  Columns 3225 through 3232

         748        1303        1007        1083        2501         827        3786        2022

  Columns 3233 through 3240

         422        2601         411        1301        2063          34        2975        2958

  Columns 3241 through 3248

        3801        1867        1508        3059        3542        2751        2106        1191

  Columns 3249 through 3256

         507         535        1395        2625         978        2270        3123        2977

  Columns 3257 through 3264

         782        2533        1148        1509         794        2481         175        3657

  Columns 3265 through 3272

          85        1907        3810        2694        2307        2166        3722         637

  Columns 3273 through 3280

         684        2655        3879        2228        3796         937         453        1110

  Columns 3281 through 3288

         564         795        3476        1221        2875        4019        2157        2509

  Columns 3289 through 3296

        3299        1631         250        3997        3177        3334        2847         841

  Columns 3297 through 3304

        3144        1250        3830         956        1879        2901        3751         577

  Columns 3305 through 3312

         858        3891         360        1752        2828        3799        2177        3319

  Columns 3313 through 3320

        3603        1707         680         654        1464        1044        2235        3143

  Columns 3321 through 3328

        3884         802        1966         553         611         991         724         677

  Columns 3329 through 3336

        1758        3918        2927        3647        1654         136        2519        3239

  Columns 3337 through 3344

         305         816        1327        2682        2373        1976        3318        2630

  Columns 3345 through 3352

        3765         469        3636        1766        2998        1276         558        1963

  Columns 3353 through 3360

        1397        3619        2624        3111        1804        1795        1340        3439

  Columns 3361 through 3368

        1336        3086        3819        2549        1536        3715        1868        2604

  Columns 3369 through 3376

        3448        2130        2470         502        1486        3425        3333        2144

  Columns 3377 through 3384

        3844        2451        2478        1382         610        1625        1212        3492

  Columns 3385 through 3392

        2656        2440        3726        1549        4033         807        2980        3020

  Columns 3393 through 3400

         363        3304         241        3760        2791         133        2670         863

  Columns 3401 through 3408

        2653         708        3904        2330        3774        1471        3380        2014

  Columns 3409 through 3416

        1781        2427        3430        1584        3838        4041         101        1466

  Columns 3417 through 3424

        4027        2946         118        3040        3035        4010        3663        1897

  Columns 3425 through 3432

        3922        3414        1390        1887        1663        2850        3042        2353

  Columns 3433 through 3440

        3854        3458        3365        1716         253        1386        2580          48

  Columns 3441 through 3448

        1590        1847         301         903        3106        2599        2737        2173

  Columns 3449 through 3456

        3638         541        1024        1658        3723         524        2344         194

  Columns 3457 through 3464

        2215        1280          52        2102        3994        3401         769         879

  Columns 3465 through 3472

         269        2614         822        2507         483        1657        1216        1090

  Columns 3473 through 3480

        2760        3320        1339        2167        3258        3779        1005        3992

  Columns 3481 through 3488

        2324         908        1334        3212         283        2461         922        3105

  Columns 3489 through 3496

        2585        3306        2119        2764         271        3940        3413         479

  Columns 3497 through 3504

         448        3562         958        3427        2839         723        1157         230

  Columns 3505 through 3512

        2703        2271        1532        1378        1142        2086        3941        2970

  Columns 3513 through 3520

        1832         243         371        3693        3124        1045         188         644

  Columns 3521 through 3528

        1318        1511        3337        1220        3551        3931         804        2529

  Columns 3529 through 3536

         673         320        3923        2956        3025        3429        3147        3231

  Columns 3537 through 3544

        1169        3489         876        3910         525        3921        3169        3866

  Columns 3545 through 3552

        3080        3640        4009        4035        3794        3490        3358        1714

  Columns 3553 through 3560

         391         362        2111        3741        3954        1742        1796        3483

  Columns 3561 through 3568

        3242        3906        3572        1862        2397        1553        1837         151

  Columns 3569 through 3576

         265        2844        1433         739        3023        1968         717         672

  Columns 3577 through 3584

        2879        1992        2210        1617        3159        1859        1198        3453

  Columns 3585 through 3592

        3323        1592        2861        1541        2546        1263        1359          12

  Columns 3593 through 3600

        3315        1203        2677        2666        1831        2795        2629        2783

  Columns 3601 through 3608

         297        2923        2628         306        3125         392        1989         176

  Columns 3609 through 3616

         970         598        1152         521        1630        1675        1105         571

  Columns 3617 through 3624

        1788         113        3029         401        2273         604         617        1577

  Columns 3625 through 3632

        3211        2916          31         616         824         896         417        2954

  Columns 3633 through 3640

        1965        1363        3293        1232        2122         930        1757        2054

  Columns 3641 through 3648

        3586        3529        1723        2402        1393        1008         736        3506

  Columns 3649 through 3656

        2622        1128         938        1852        2720        1618        2107         235

  Columns 3657 through 3664

        1082        3473        2457        1948        1349        3626        1918        2841

  Columns 3665 through 3672

        2135        1996        3823        3068        2453        3859        2548        3114

  Columns 3673 through 3680

        1125        3785         775         901        3966        4015        2743        3988

  Columns 3681 through 3688

        1416        1166        1064         749        1991        3585        3015        1705

  Columns 3689 through 3696

        2443        2137        1333        1319        3696         857        3654        2476

  Columns 3697 through 3704

         927        2087        3869        2525        1960        1033         594        3328

  Columns 3705 through 3712

        2244        1302         258        2067        2849        2895        1186        1656

  Columns 3713 through 3720

        3002        2801        2770        2508        1661         198        2104        3045

  Columns 3721 through 3728

        2617        3933        3753        2894        3520        2048        1884        1602

  Columns 3729 through 3736

        2570        2485        2948        3979        1160        2933        1304         281

  Columns 3737 through 3744

        1364         662        3204         472        2176         698        3078        3597

  Columns 3745 through 3752

        2917          90        2949        3695        1482        1877        3084         825

  Columns 3753 through 3760

        3814        3134         655        1399        1524        3225        2918        3749

  Columns 3761 through 3768

        2374        1597        2792        3865        1842        2062        2255         387

  Columns 3769 through 3776

        2098        1704        3275        2561        2241        1776        2775        2814

  Columns 3777 through 3784

        2930        1130        1651        3007         219        3885        3782          39

  Columns 3785 through 3792

        3878        3369         667        1476        3778        1912        1608         797

  Columns 3793 through 3800

         349        1964        1222        1194        3935        1860        3871         123

  Columns 3801 through 3808

        3353        3892         357        3400        2371        2517        2279        3151

  Columns 3809 through 3816

        2825        3249        1213        3771        1840        2577        3100        3539

  Columns 3817 through 3824

        3683        1249        3139        3422        3563        2199        3745        3537

  Columns 3825 through 3832

        2707        1724         159          51        3965        1258        3326        1713

  Columns 3833 through 3840

        1856        1409         346         715        1677        2047        3183        3928

  Columns 3841 through 3848

         302        2072        2997          73        2718         365        2654         491

  Columns 3849 through 3856

        1513        3660        2668        2314         104        1823        3956        1962

  Columns 3857 through 3864

        1681        2268        3140        3894        3137        1780        2039        3863

  Columns 3865 through 3872

        1050        3617           8         309         529        3070        3880        1253

  Columns 3873 through 3880

        1641         248         408        1637         440        2058        2128        3022

  Columns 3881 through 3888

        3189         844        3066        3284         845        1290        1547        1506

  Columns 3889 through 3896

        3461        1664        2092        2264        2575        2672        3766        1909

  Columns 3897 through 3904

        3101          82         690        1789        1806        2442        3754        3982

  Columns 3905 through 3912

        4018         344         359        1802        3338        1492        3103        1060

  Columns 3913 through 3920

        1495        3662         183        3268        1463         207        1889        3509

  Columns 3921 through 3928

        3210        1459        3576         862         995        1218        2620         686

  Columns 3929 through 3936

        2236        1650        2538        3581        1279        2043         625        2411

  Columns 3937 through 3944

        2369        3301        1779        2500        2108         550        1498          45

  Columns 3945 through 3952

         331         419        1468        1775        1330        2390        1031        3641

  Columns 3953 through 3960

        3914        1826        2893        1241         236        2717         847        2073

  Columns 3961 through 3968

        3607        3205         267         495         580        1296        1407        1429

  Columns 3969 through 3976

        1665        2238        2648        2706        2993        3109        3442        3783

  Columns 3977 through 3984

         726           6         220         624         846        1260        1595        1612

  Columns 3985 through 3992

        1970        2526        2560        3652        4025        1900        1640          47

  Columns 3993 through 4000

         536        1817        3405        3857         215        1167        2155        3099

  Columns 4001 through 4008

        2256        3440        1075         964         801         342         376         707

  Columns 4009 through 4016

         977        1208        1633        1882        3759         259        1335        1917

  Columns 4017 through 4024

        2182        2333         111          41         378         505         615         735

  Columns 4025 through 4032

         810        1155        1175        1666        1799        2311        2329        2454

  Columns 4033 through 4040

        2534        2842        2959        3381        3408        3515        3686        3943

  Column 4041

        3990