olumns 1 through 8

        2157         805        1166        1009        1822         803        2056        1199

  Columns 9 through 16

         529        1805          58         986        1904         939        1566         502

  Columns 17 through 24

        1055         722        1040         442         763         302        1629        1174

  Columns 25 through 32

        1563        1498        2100        1048        1586         624        1188         923

  Columns 33 through 40

         120        1145         461         864         644         779        1094         362

  Columns 41 through 48

        1018         378         455         594        1635        1035         116        1255

  Columns 49 through 56

         868         992         606        1453         863         329         967         922

  Columns 57 through 64

        1472        1144         161         248        1081        1658        2106         817

  Columns 65 through 72

        2052         470         146        1860         466         522         672        1118

  Columns 73 through 80

         706         425         629         139        1491        1692        1885         373

  Columns 81 through 88

         581         251        1015        2192        1909        2030         969        1823

  Columns 89 through 96

         782         156        1295         630         732        1686         674         250

  Columns 97 through 104

         193        2051         142        1551         494         612         886        1282

  Columns 105 through 112

        1286         264        2163         266         707        1796        2162        1927

  Columns 113 through 120

        1884         236        1847         999        1335        1172        1947        1017

  Columns 121 through 128

         339        1964         848        1328        1729         513         279         924

  Columns 129 through 136

         523        1459        1539          53        1813        1914        1357        1342

  Columns 137 through 144

        1918         837        1066         666        2141        1811         941        1630

  Columns 145 through 152

         388        1755        1558        2102        1179        1279        1649        1940

  Columns 153 through 160

        1942         905        1517         921        1615         718         742        2181

  Columns 161 through 168

        1406         272        1662        1834         769        1654         680         894

  Columns 169 through 176

        1110         369        1333        1792        1541        1432         271        1325

  Columns 177 through 184

        1439         775        1303        1548         546        1726        1429         489

  Columns 185 through 192

        1170        2186        1553         539        1691         423        1509         545

  Columns 193 through 200

        1290        1291        1434        1827         942        1064         899         217

  Columns 201 through 208

        1163        1136          48         400         827        1026         964         701

  Columns 209 through 216

        1734         906        1072        1664        1958        1643        1112        1157

  Columns 217 through 224

         450          14         912         166         115        1820        2104        1323

  Columns 225 through 232

        1341         519        1130        1396         691        1412        1701        1931

  Columns 233 through 240

        1181         679         898        1356        1208         295         428        1972

  Columns 241 through 248

        1739        1159         375         824        1075        1871        1223        1180

  Columns 249 through 256

        1465         617        1470        1225         169        1114        1316         402

  Columns 257 through 264

        1262        1531         943        1590        1448        1061        1657         328

  Columns 265 through 272

        1713         218         109        1504         318        2042        1720         993

  Columns 273 through 280

         808         219        1952        1982         720        1367         728        1841

  Columns 281 through 288

        1800         129         983        2050        1861        1565        2180         754

  Columns 289 through 296

         284         467        1332         459        1287        2119         170        1348

  Columns 297 through 304

        1485         534          62        1589         861         521        1763        1957

  Columns 305 through 312

        1529         241        1621         391          22        1698         974        1791

  Columns 313 through 320

        1821        1296         619        1211        1209        1403        1724         143

  Columns 321 through 328

        1880         628        1876         479        1096         354         719         927

  Columns 329 through 336

         843         542        1505           3        1731        2036         683        1337

  Columns 337 through 344

         989        1938         195         492        1609        1002         118         422

  Columns 345 through 352

         766         229          74         958         319         528        2048         577

  Columns 353 through 360

          11        1598         697        2131        1677         324        1679         640

  Columns 361 through 368

          96         571        1268         527         257        1177         873        1385

  Columns 369 through 376

         669         651         852           4        1232        1062        1206        1079

  Columns 377 through 384

        1392        1036         352         133         794         150         566          47

  Columns 385 through 392

         114        1567         297         975        1161        1042         940        1901

  Columns 393 through 400

         556        1466         645         277         173          46         384         280

  Columns 401 through 408

         565         289        1865         511         717         431        1013        2128

  Columns 409 through 416

        1105         469         856        1568         121         997         772         702

  Columns 417 through 424

        1450         618        1087        1167        1016         165        1373        1297

  Columns 425 through 432

        1659        1241        1106         370         809        1369         663          24

  Columns 433 through 440

        1998        1339        1807        1259         659        2045         990        1133

  Columns 441 through 448

        2009        1675        1873         306         904         381         851        1218

  Columns 449 through 456

        1354         813        2156        1164         982         740        1632        1037

  Columns 457 through 464

        1591         889         179         177         876         806         956         710

  Columns 465 through 472

        2066        2082        1996        1655        1992        1068        1095         658

  Columns 473 through 480

         605         389          17          37        1138         928         726         971

  Columns 481 through 488

        1195        1812        1252         296        2020        1377        2096         444

  Columns 489 through 496

         959         233          50        2127        1718        1405         332        1139

  Columns 497 through 504

        1340         178         749         485        1511         909        1300         364

  Columns 505 through 512

        2133        1049         582         235         972        1154        1070        1939

  Columns 513 through 520

        1153        1760        2011         966        2146        1108         500         884

  Columns 521 through 528

        1712         245        1407         424        1265        1330           2        2075

  Columns 529 through 536

         960         151        1455        2129         137        1687        1604        1135

  Columns 537 through 544

        1934        1776         751        1816          75         729        1709        1845

  Columns 545 through 552

        1198        2068        1274         294          30        1052          21         486

  Columns 553 through 560

         810         336        1836         682        1899         642         604          70

  Columns 561 through 568

        2024        1238         785         831         206        1743         668         163

  Columns 569 through 576

        1215         413        1487        1666         411        2176        1610         589

  Columns 577 through 584

        1507        2152         893        1051         796        1738        2021        1527

  Columns 585 through 592

         100        1573         550        1246        1217        1628        1346         344

  Columns 593 through 600

         850         223        2168        1754         781        1382         660         531

  Columns 601 through 608

         102        1039        1483        1722         819         621          81        2175

  Columns 609 through 616

        1833         914        1141         216        1309        1245         182         463

  Columns 617 through 624

         553        1401        1001        1205         447         700         383         673

  Columns 625 through 632

          93         866        2018         361        2135        2179         890        1355

  Columns 633 through 640

         708        1536          13         419         183        1965          33        1078

  Columns 641 through 648

        1477         587        2187        1449        1514        1100         774         872

  Columns 649 through 656

         746         575         192        1193        1767         187         549        2019

  Columns 657 through 664

        1212         357         148         859        1656          69        1023        1954

  Columns 665 through 672

        1619         716         508        2126         855        1445        1375         778

  Columns 673 through 680

         453          25         945         110        1349        1799         607        1676

  Columns 681 through 688

         321         107        1593        1562         209         514        1266         804

  Columns 689 through 696

        1501         334         240        2155        1700        1683         509        1513

  Columns 697 through 704

         911        2005        1226         815         315         341        1798          55

  Columns 705 through 712

        1372         768        1469        1768        1044        1398        2059         340

  Columns 713 through 720

        1387        1607         144        1592         736        1067        1523        1272

  Columns 721 through 728

        2178         507         646         127         434         452         615        2191

  Columns 729 through 736

        1214          64         417        1874        1968         562        1707        1945

  Columns 737 through 744

         111         657        1641        1870        1458         138        1824         401

  Columns 745 through 752

        1889        1646        1005         167         689        1123          35         468

  Columns 753 through 760

         397        1120        1883         603         841         520         214         429

  Columns 761 through 768

        2097         661        1423         950         568        2121        2143        2049

  Columns 769 through 776

        1732         694         739         655         323         200        2184         713

  Columns 777 through 784

        1645        1663        2193         829        1431        1481         693         770

  Columns 785 through 792

        1520        1924        1680        2023        1257          42          10        1263

  Columns 793 through 800

          56         955        1984         867          44         962        1699        1997

  Columns 801 through 808

         149         191        2093        2064          51        1515         743        1024

  Columns 809 through 816

        1029        2136         399        1264        1681        1704        1584        1391

  Columns 817 through 824

         293         918        1492         301         762         560        1689        1088

  Columns 825 through 832

        1420        1963        1764         756        1182        1605        1326        1158

  Columns 833 through 840

        1428         512        1178         125        1967        1955        1728         113

  Columns 841 through 848

        1582        1560        1119        1239        1781        2060         887        1173

  Columns 849 through 856

          82        1908        2057        1868        1032        1626        1284         386

  Columns 857 through 864

         709        1240        1361        1946        1254        1408         228         532

  Columns 865 through 872

         576         931        1532        1790        1891         437         802         180

  Columns 873 through 880

        1150        1695         625         656         292        1146        1345         517

  Columns 881 through 888

        1484         171        1131        1234        1147        2053         330        1306

  Columns 889 through 896

        2047          45         653         792        1917        1534         664        1682

  Columns 897 through 904

        2113        1329         465         242         104        1916        1473         122

  Columns 905 through 912

        1021        1503         472        1851        2041         670        1229        1569

  Columns 913 through 920

        2084         430        1625         136         822        1542        1784        1022

  Columns 921 through 928

        1673        1817        1830          57         237         687         304        1294

  Columns 929 through 936

        1189        1786         973        1650        1331        1893        1647         322

  Columns 937 through 944

        1132        1622        1661         439        2055        2153         213        1741

  Columns 945 through 952

         737         274         790         440         968        2061        1344         307

  Columns 953 through 960

         830        1878         394        1545        1710         164         449        1247

  Columns 961 through 968

        1571         934        1530         946        1409         733         963         172

  Columns 969 through 976

         735         483          54        1321         325        1089         611        1421

  Columns 977 through 984

         506        1960        1991         961         554        1627        2132        1875

  Columns 985 through 992

         952         317        2117         541         432        1368         584        2107

  Columns 993 through 1000

          73        1624         498         798        2166        2165        1162        1090

  Columns 1001 through 1008

         637        1101         103          16         215         725        2014        1528

  Columns 1009 through 1016

        1608        1134         795        2147        2078         436        1103        2022

  Columns 1017 through 1024

          43        2010        1045        1190        1986         316        1058         750

  Columns 1025 through 1032

          63        1802         239         879         154        1839        1745          95

  Columns 1033 through 1040

        1719        1404         261        1581        1730         616        1640         320

  Columns 1041 through 1048

         853        1314         970        1343         979        1126        1855          97

  Columns 1049 through 1056

        1047        1521        1936        1587         667         350        1275        1213

  Columns 1057 through 1064

        1191        1176         505        2188         126        1905        1923         895

  Columns 1065 through 1072

         288        1829        1961        1660         475        1561        1993        1989

  Columns 1073 through 1080

        1261        1253        1359          83        1437        1019        1612         232

  Columns 1081 through 1088

        2110        1831         504         634        1580        1638         533        1788

  Columns 1089 through 1096

        1852        2120        1921         932        1395        1362          20        1125

  Columns 1097 through 1104

        2000         730        2029        1943         845        1508         460        1394

  Columns 1105 through 1112

        1956        1149        1137        1537         404         579        1142         184

  Columns 1113 through 1120

        1983         308         917         135         690        2118         559        1973

  Columns 1121 through 1128

        1390         390        2033         480        1038        1716        1063         262

  Columns 1129 through 1136

        1053        2144        2099        1696          39         578          60         892

  Columns 1137 through 1144

        1806        1185        1304         799        1410         359         208        1244

  Columns 1145 through 1152

        1753         626         418         543         985        1694        1242        1187

  Columns 1153 through 1160

         761        1152        1495         160        1028        2189         204        1363

  Columns 1161 through 1168

          68        1601         132         414        1270         787         686        1926

  Columns 1169 through 1176

         789        2074         201        2108        1892         814         633         366

  Columns 1177 through 1184

        2073         124        1774         162         491         185         327         360

  Columns 1185 through 1192

         998         365        2088         456         493         574         583        1248

  Columns 1193 through 1200

         312        1317        1350        1414        1427        1777        1787         557

  Columns 1201 through 1208

        2004         698        1083        2185        1928        1271         346        1999

  Columns 1209 through 1216

         484         598         326         638         130         526         758        2170

  Columns 1217 through 1224

        1386        1236        1557        1705          59          98         253         495

  Columns 1225 through 1232

         331        1815         915         203        1065        2169        1897          41

  Columns 1233 through 1240

         275         415         870         368        1810         755         481          19

  Columns 1241 through 1248

         636        1759        1014        1292          65         704        1006        1347

  Columns 1249 through 1256

         572         953        1319        1478        1221         692           8         281

  Columns 1257 through 1264

         371        1678        1723        2172           1        2094          67        2038

  Columns 1265 through 1272

          78        1912          79        1910          87        1854         153        1652

  Columns 1273 through 1280

          99        1642         188        1599         199        1442         202        1197

  Columns 1281 through 1288

         205        1124         207        1012         211         764         226         711

  Columns 1289 through 1296

         252         255         256         291         585         258         358         260

  Columns 1297 through 1304

        2007         303        1985         309        1636         311        1616         342

  Columns 1305 through 1312

         347         382        1583         403        1526         405        1374         409

  Columns 1313 through 1320

         435         438        1003         443         913         448         681         454

  Columns 1321 through 1328

         474         503         518         524         573         590         595         596

  Columns 1329 through 1336

         601         602         641         654         671         678         684         731

  Columns 1337 through 1344

         752         757         765         771         783         797         812         828

  Columns 1345 through 1352

         835         854         871         874         878         880         883         919

  Columns 1353 through 1360

         935         936         951         984         988        1000        1050        1057

  Columns 1361 through 1368

        1059        1071        1074        1086        1091        1143        1256        1310

  Columns 1369 through 1376

        1365        1366        1388        1397        1402        1419        1441        1444

  Columns 1377 through 1384

        1446        1454        1482        1500        1502        1538        1546        1552

  Columns 1385 through 1392

        1554        1596        1597        1613        1623        1703        1714        1715

  Columns 1393 through 1400

        1749        1762        1779        1785        1837        1842        1879        1894

  Columns 1401 through 1408

        1913        1915        1932        1941        1975        1976        2025        2063

  Columns 1409 through 1416

        2069        2072        2090        2116        2122        2123        2139        2177

  Columns 1417 through 1424

           5           6           7           9          12          15          18          23

  Columns 1425 through 1432

          26          27          28          29          31          32          34          36

  Columns 1433 through 1440

          38          40          49          52          61          66          71          72

  Columns 1441 through 1448

          76          77          80          84          85          86          88          89

  Columns 1449 through 1456

          90          91          92          94         101         105         106         108

  Columns 1457 through 1464

         112         117         119         123         128         131         134         140

  Columns 1465 through 1472

         141         145         147         152         155         157         158         159

  Columns 1473 through 1480

         168         174         175         176         181         186         189         190

  Columns 1481 through 1488

         194         196         197         198         210         212         220         221

  Columns 1489 through 1496

         222         224         225         227         230         231         234         238

  Columns 1497 through 1504

         243         244         246         247         249         254         259         263

  Columns 1505 through 1512

         265         267         268         269         270         273         276         278

  Columns 1513 through 1520

         282         283         285         286         287         290         298         299

  Columns 1521 through 1528

         300         305         310         313         314         333         335         337

  Columns 1529 through 1536

         338         343         345         348         349         351         353         355

  Columns 1537 through 1544

         356         363         367         372         374         376         377         379

  Columns 1545 through 1552

         380         385         387         392         393         395         396         398

  Columns 1553 through 1560

         406         407         408         410         412         416         420         421

  Columns 1561 through 1568

         426         427         433         441         445         446         451         457

  Columns 1569 through 1576

         458         462         464         471         473         476         477         478

  Columns 1577 through 1584

         482         487         488         490         496         497         499         501

  Columns 1585 through 1592

         510         515         516         525         530         535         536         537

  Columns 1593 through 1600

         538         540         544         547         548         551         552         555

  Columns 1601 through 1608

         558         561         563         564         567         569         570         580

  Columns 1609 through 1616

         586         588         591         592         593         597         599         600

  Columns 1617 through 1624

         608         609         610         613         614         620         622         623

  Columns 1625 through 1632

         627         631         632         635         639         643         647         648

  Columns 1633 through 1640

         649         650         652         662         665         675         676         677

  Columns 1641 through 1648

         685         688         695         696         699         703         705         712

  Columns 1649 through 1656

         714         715         721         723         724         727         734         738

  Columns 1657 through 1664

         741         744         745         747         748         753         759         760

  Columns 1665 through 1672

         767         773         776         777         780         784         786         788

  Columns 1673 through 1680

         791         793         800         801         807         811         816         818

  Columns 1681 through 1688

         820         821         823         825         826         832         833         834

  Columns 1689 through 1696

         836         838         839         840         842         844         846         847

  Columns 1697 through 1704

         849         857         858         860         862         865         869         875

  Columns 1705 through 1712

         877         881         882         885         888         891         896         897

  Columns 1713 through 1720

         900         901         902         903         907         908         910         916

  Columns 1721 through 1728

         920         925         926         929         930         933         937         938

  Columns 1729 through 1736

         944         947         948         949         954         957         965         976

  Columns 1737 through 1744

         977         978         980         981         987         991         994         995

  Columns 1745 through 1752

         996        1004        1007        1008        1010        1011        1020        1025

  Columns 1753 through 1760

        1027        1030        1031        1033        1034        1041        1043        1046

  Columns 1761 through 1768

        1054        1056        1060        1069        1073        1076        1077        1080

  Columns 1769 through 1776

        1082        1084        1085        1092        1093        1097        1098        1099

  Columns 1777 through 1784

        1102        1104        1107        1109        1111        1113        1115        1116

  Columns 1785 through 1792

        1117        1121        1122        1127        1128        1129        1140        1148

  Columns 1793 through 1800

        1151        1155        1156        1160        1165        1168        1169        1171

  Columns 1801 through 1808

        1175        1183        1184        1186        1192        1194        1196        1200

  Columns 1809 through 1816

        1201        1202        1203        1204        1207        1210        1216        1219

  Columns 1817 through 1824

        1220        1222        1224        1227        1228        1230        1231        1233

  Columns 1825 through 1832

        1235        1237        1243        1249        1250        1251        1258        1260

  Columns 1833 through 1840

        1267        1269        1273        1276        1277        1278        1280        1281

  Columns 1841 through 1848

        1283        1285        1288        1289        1293        1298        1299        1301

  Columns 1849 through 1856

        1302        1305        1307        1308        1311        1312        1313        1315

  Columns 1857 through 1864

        1318        1320        1322        1324        1327        1334        1336        1338

  Columns 1865 through 1872

        1351        1352        1353        1358        1360        1364        1370        1371

  Columns 1873 through 1880

        1376        1378        1379        1380        1381        1383        1384        1389

  Columns 1881 through 1888

        1393        1399        1400        1411        1413        1415        1416        1417

  Columns 1889 through 1896

        1418        1422        1424        1425        1426        1430        1433        1435

  Columns 1897 through 1904

        1436        1438        1440        1443        1447        1451        1452        1456

  Columns 1905 through 1912

        1457        1460        1461        1462        1463        1464        1467        1468

  Columns 1913 through 1920

        1471        1474        1475        1476        1479        1480        1486        1488

  Columns 1921 through 1928

        1489        1490        1493        1494        1496        1497        1499        1506

  Columns 1929 through 1936

        1510        1512        1516        1518        1519        1522        1524        1525

  Columns 1937 through 1944

        1533        1535        1540        1543        1544        1547        1549        1550

  Columns 1945 through 1952

        1555        1556        1559        1564        1570        1572        1574        1575

  Columns 1953 through 1960

        1576        1577        1578        1579        1585        1588        1594        1595

  Columns 1961 through 1968

        1600        1602        1603        1606        1611        1614        1617        1618

  Columns 1969 through 1976

        1620        1631        1633        1634        1637        1639        1644        1648

  Columns 1977 through 1984

        1651        1653        1665        1667        1668        1669        1670        1671

  Columns 1985 through 1992

        1672        1674        1684        1685        1688        1690        1693        1697

  Columns 1993 through 2000

        1702        1706        1708        1711        1717        1721        1725        1727

  Columns 2001 through 2008

        1733        1735        1736        1737        1740        1742        1744        1746

  Columns 2009 through 2016

        1747        1748        1750        1751        1752        1756        1757        1758

  Columns 2017 through 2024

        1761        1765        1766        1769        1770        1771        1772        1773

  Columns 2025 through 2032

        1775        1778        1780        1782        1783        1789        1793        1794

  Columns 2033 through 2040

        1795        1797        1801        1803        1804        1808        1809        1814

  Columns 2041 through 2048

        1818        1819        1825        1826        1828        1832        1835        1838

  Columns 2049 through 2056

        1840        1843        1844        1846        1848        1849        1850        1853

  Columns 2057 through 2064

        1856        1857        1858        1859        1862        1863        1864        1866

  Columns 2065 through 2072

        1867        1869        1872        1877        1881        1882        1886        1887

  Columns 2073 through 2080

        1888        1890        1895        1896        1898        1900        1902        1903

  Columns 2081 through 2088

        1906        1907        1911        1919        1920        1922        1925        1929

  Columns 2089 through 2096

        1930        1933        1935        1937        1944        1948        1949        1950

  Columns 2097 through 2104

        1951        1953        1959        1962        1966        1969        1970        1971

  Columns 2105 through 2112

        1974        1977        1978        1979        1980        1981        1987        1988

  Columns 2113 through 2120

        1990        1994        1995        2001        2002        2003        2006        2008

  Columns 2121 through 2128

        2012        2013        2015        2016        2017        2026        2027        2028

  Columns 2129 through 2136

        2031        2032        2034        2035        2037        2039        2040        2043

  Columns 2137 through 2144

        2044        2046        2054        2058        2062        2065        2067        2070

  Columns 2145 through 2152

        2071        2076        2077        2079        2080        2081        2083        2085

  Columns 2153 through 2160

        2086        2087        2089        2091        2092        2095        2098        2101

  Columns 2161 through 2168

        2103        2105        2109        2111        2112        2114        2115        2124

  Columns 2169 through 2176

        2125        2130        2134        2137        2138        2140        2142        2145

  Columns 2177 through 2184

        2148        2149        2150        2151        2154        2158        2159        2160

  Columns 2185 through 2192

        2161        2164        2167        2171        2173        2174        2182        2183

  Column 2193

        2190