chart_getlo: [0.5543337191764005, 0.5543337191764005, 0.5543337191764005, 0.5543337191764005, 0.5543337191764005, 0.5543337191764005, 0.5543337191764005, 0.5543337191764005, 0.5543337191764005, 0.5543337191764005, 0.5543337191764005, 0.5543337191764005, 0.5543337191764005, 0.5543337191764005, 0.5543337191764005, 0.5543337191764005, 0.5543337191764005, 0.5543337191764005, 0.5543337191764005, 0.5543337191764005], avg: 0.55433
chart_kanonizo: [
	random: [0.7114074022297557, 0.6603816447069515, 0.5611435361548947, 0.6543179673574948, 0.6476951036242268, 0.5610911124314124, 0.6018592947261734, 0.6491105441582499, 0.5850487540628386, 0.7112850802082971, 0.5418865550623843, 0.6229161569915773, 0.5444553175130187, 0.6723866773844057, 0.6752874567504281, 0.5203753538601336, 0.5967042952504107, 0.6119246496347814, 0.624279173802118, 0.5644986544577639], avg: 0.6159
	greedy: [0.6221123265648483, 0.6221472757138364, 0.6188620557089435, 0.6263586481669172, 0.6262887498689407, 0.6182679201761437, 0.6168524796421208, 0.6227064620976479, 0.6261489532729878, 0.626952783699717, 0.6193688183692727, 0.6254324957187293, 0.615804005172474, 0.6226016146506833, 0.6200678013490373, 0.6258868346555762, 0.6181281235801909, 0.6243840212490827, 0.6174640897494146, 0.6173941914514383], avg: 0.62166
	randomsearch: [0.6215356656065425, 0.6259916821025409, 0.6216579876280013, 0.6220074791178836, 0.6210289029462133, 0.6242966483766121, 0.6187921574109672, 0.6167825813441443, 0.6260091566770349, 0.6238248348652711, 0.6227064620976479, 0.6240345297592005, 0.6239122077377417, 0.6201376996470136, 0.6205396148603781, 0.6118722259112991, 0.6251354279523293, 0.6183727676231084, 0.622391919756754, 0.6222695977352952], avg: 0.62166
	additionalgreedy: [0.5518645370985217, 0.5520567574179569, 0.5719253486177612, 0.5246042008877084, 0.5508859609268515, 0.5805577884178521, 0.5508684863523574, 0.525774997378814, 0.5679236710586097, 0.5506063677349458, 0.5321182679201761, 0.5503267745430399, 0.5524062489078392, 0.5221053367350506, 0.5471813511340999, 0.5227868451403208, 0.5507811134798868, 0.5328347254744348, 0.5288505224897775, 0.5493656729458638], avg: 0.54579
	geneticalgorithm: [0.7143606053192606, 0.5894872959843429, 0.6188271065599553, 0.6000069898297977, 0.647712578198721, 0.5881417537482962, 0.5924055499248594, 0.6026805997273967, 0.5941530073742705, 0.6762485583476043, 0.6201376996470136, 0.7186069269213295, 0.620522140285884, 0.6916611330514102, 0.5940656345017999, 0.6649250340754203, 0.5752804669206305, 0.5095061685247965, 0.6361618844581135, 0.596424702058505], avg: 0.62257
	]
chart_modificare: [
	HC_FA: [0.6094215861657722, 0.5536848012908204, 0.5698375951453927, 0.6708934020835525, 0.6329229366165071, 0.5967413799151146, 0.7324529096074924, 0.7073204952821915, 0.5754849345820617, 0.6147532358202673, 0.6541092286646323, 0.6692447998877548, 0.5324809709214634, 0.6597916447437652, 0.6176821354659933, 0.6409379494194816, 0.6894664842681258, 0.6933950682240696, 0.5862710021396752, 0.6214177978883861], avg: 0.63142
	random: [0.5682591462345224, 0.6089305131712793, 0.6300817285769406, 0.6100354274088885, 0.5601564418253885, 0.601529341611421, 0.6206811883966467, 0.5452137921358168, 0.6219088708828792, 0.5474236206110351, 0.5836051773124277, 0.5155915675751518, 0.6253639201655617, 0.6473569749903539, 0.5780981444456137, 0.5992844364937387, 0.6615630151881863, 0.6583359640815182, 0.7203339296362552, 0.6082289803220036], avg: 0.6056
	ART_man_avg: [0.6014767266477253, 0.6216808727068645, 0.6762075134168157, 0.578203374373005, 0.6277315935318671, 0.5813953488372093, 0.5680662247009717, 0.6386579676593357, 0.5689782174050301, 0.5967063032726507, 0.6233645515451262, 0.5604195166438669, 0.6250131537409239, 0.5718720404082921, 0.617068294222877, 0.6212950296397629, 0.5935318671296784, 0.592444491213301, 0.6276439019257077, 0.6161212248763549], avg: 0.60539
	greedy: [0.5758357010066996, 0.5758357010066996, 0.5758357010066996, 0.5758357010066996, 0.5758357010066996, 0.5758357010066996, 0.5758357010066996, 0.5758357010066996, 0.5758357010066996, 0.5758357010066996, 0.5758357010066996, 0.5758357010066996, 0.5758357010066996, 0.5758357010066996, 0.5758357010066996, 0.5758357010066996, 0.5758357010066996, 0.5758357010066996, 0.5758357010066996, 0.5758357010066996], avg: 0.57584
	genetic: [0.611087726682802, 0.5673296152092322, 0.5811848889824266, 0.6062646883440318, 0.568662527622856, 0.6156301518818619, 0.61107018836157, 0.5257287172471851, 0.6673857378371743, 0.7223508365779228, 0.6429373180399173, 0.6231190150478797, 0.6940439861096496, 0.5697148268967694, 0.5313760566838542, 0.707092497106177, 0.6018099547511312, 0.6218913325616472, 0.686870812725806, 0.5663650075414781], avg: 0.6161
	SANN: [0.6816970079623978, 0.5790802904345996, 0.6308183380686802, 0.6529516994633274, 0.5806587393454699, 0.6510400224490512, 0.6416219439475254, 0.600389350731348, 0.5846750149075731, 0.5833771791364131, 0.6735592269108001, 0.6628608509593462, 0.6622996246799256, 0.6769791995510189, 0.6708407871198568, 0.5647339436669122, 0.6124557157388895, 0.6779964221824687, 0.5572976954645902, 0.6576519695534743], avg: 0.63015
	HC_SA: [0.6096671226630187, 0.6033884036620015, 0.5610158195657512, 0.6735416885895682, 0.5779402995545266, 0.6022308744606967, 0.6219439475253429, 0.6395699603633941, 0.555052790346908, 0.6617383984005051, 0.6948332105650847, 0.6541092286646323, 0.638272124592234, 0.6355712231225227, 0.6158230734154128, 0.7086709460170473, 0.5362166333438564, 0.6209267248938931, 0.6894664842681258, 0.6193131993405591], avg: 0.62596
	]
