time_getlo: [0.614185369196505, 0.614185369196505, 0.614185369196505, 0.614185369196505, 0.614185369196505, 0.614185369196505, 0.614185369196505, 0.614185369196505, 0.614185369196505, 0.614185369196505, 0.614185369196505, 0.614185369196505, 0.614185369196505, 0.614185369196505, 0.614185369196505, 0.614185369196505, 0.614185369196505, 0.614185369196505, 0.614185369196505, 0.614185369196505], avg: 0.61419
time_kanonizo: [
	greedy: [0.6454915692916683, 0.6423800098960911, 0.644064248468009, 0.6445114756594222, 0.6416092566513151, 0.6466143950062803, 0.6471662923914284, 0.6448920945457314, 0.643607505804438, 0.6494690366535988, 0.6459102500666084, 0.6422563087580405, 0.643607505804438, 0.6477562516652077, 0.6454725383473529, 0.6462337761199711, 0.6408289879343813, 0.6490027785178701, 0.643959578274274, 0.6419803600654664], avg: 0.64484
	randomsearch: [0.6486507060480341, 0.6452156205990941, 0.6480131694134663, 0.6442450424390058, 0.6486316751037187, 0.6468617972823812, 0.6397822859970311, 0.6429319072812393, 0.644625661325315, 0.6469759829482739, 0.6496498306245956, 0.6433505880561794, 0.6463669927301793, 0.6439786092185894, 0.6437216914703308, 0.6373272941803373, 0.641999391009782, 0.6472614471130057, 0.6473756327788985, 0.6452346515434096], avg: 0.64511
	additionalgreedy: [0.6037662238800289, 0.5953260000761238, 0.5971529707304076, 0.5887793552316066, 0.588379705400982, 0.58256575191261, 0.5826038138012408, 0.5904445628592091, 0.6061641228637765, 0.5899497583070071, 0.6071537319681802, 0.635547900886842, 0.5984185285273855, 0.6066208655273475, 0.5833935979903323, 0.5904255319148937, 0.5964773722072089, 0.5677787081794999, 0.6345202298938074, 0.5872093023255814], avg: 0.59663
	geneticalgorithm: [0.6044227914589122, 0.606744566665398, 0.6339778479808168, 0.5636489932630457, 0.6746660069272638, 0.598751570052906, 0.6561298671640087, 0.5507364975450082, 0.6891771019677997, 0.5865146728580672, 0.6394492444715106, 0.6361473756327789, 0.6637993377231378, 0.6694991055456172, 0.6111978076352148, 0.6848856240246641, 0.6257755109808548, 0.6544932059528794, 0.6237487154112588, 0.6877783275606136], avg: 0.63308
	]
time_modificare: [
	HC_FA: [0.7306169455389945, 0.6916699979060781, 0.7360230712123808, 0.6178497325490644, 0.6483353320769801, 0.6523328193706813, 0.7341861306226561, 0.6944111320503302, 0.6850170369101326, 0.7522795195400985, 0.7182437705823007, 0.6848837873336759, 0.7278853292216322, 0.757314449964784, 0.7330059200883254, 0.6030875830430397, 0.6437382216892239, 0.7200807111720252, 0.6700074239049739, 0.6409970875449716], avg: 0.6921
	random: [0.6510859840481221, 0.7597986027830126, 0.7372889421887194, 0.6469171758704052, 0.6697409247520606, 0.6805817295795024, 0.7123141644299774, 0.6770410979765099, 0.720090228998915, 0.726476690841947, 0.7260007994974588, 0.6798964460434394, 0.7122951287761978, 0.7258104429596635, 0.7206803342660804, 0.6895951116441094, 0.626472883711191, 0.6761464222488721, 0.7519844669065159, 0.6056669141301657], avg: 0.69479
	ART_man_avg: [0.7504520967772638, 0.7023109283688348, 0.7303218929054118, 0.7358803038090344, 0.7886185826052196, 0.7564768811984848, 0.7344716654293492, 0.7188433936763557, 0.7202996211904898, 0.7619020425256505, 0.7111054004149772, 0.7407724668303733, 0.7357280185787981, 0.6992271524565511, 0.7231740049111987, 0.7753983210553367, 0.7599318523594693, 0.7359374107703729, 0.7584661070184455, 0.7287704871223802], avg: 0.7384
	genetic: [0.7885329221632117, 0.7317495669388765, 0.7070793596406069, 0.7811185350160851, 0.7775588677593132, 0.6239982487198522, 0.6909561608893457, 0.780756857594274, 0.6502674509356023, 0.7027201949250946, 0.6988559572078502, 0.7612262768164773, 0.63419184131879, 0.6706070469990292, 0.6454609483562713, 0.6838558620295814, 0.6952867721241885, 0.787067176822188, 0.696200483505606, 0.6229417699350884], avg: 0.70652
	SANN: [0.7304932137894277, 0.6964669826585194, 0.5908762111434717, 0.6835417737422191, 0.6528753355033978, 0.6789256277006833, 0.7311689794986008, 0.7596748710334457, 0.6279576647059942, 0.6913178383111568, 0.7149601203053318, 0.6851598043134791, 0.683427559819542, 0.6524755867740277, 0.7249538385395846, 0.6711685987855253, 0.7021681609654883, 0.7226600422591514, 0.6564921097215083, 0.7445700797593894], avg: 0.69007
	HC_SA: [0.6270915424590258, 0.6488778482096967, 0.7065749148154493, 0.6897283612205661, 0.6949346125292674, 0.7059086669331658, 0.7011021643538348, 0.6554737022443036, 0.5909618715854795, 0.6764605105362343, 0.7056707212609217, 0.691346391791826, 0.6712352235737536, 0.6664858279557612, 0.6205242419050881, 0.6689985342546589, 0.6856737669655264, 0.6600612948051701, 0.6252641196961909, 0.705699274741591], avg: 0.6699
	]
