Columns 1 through 10

        2157         805        1166        1009        1822         803        2056        1199         529        1805

  Columns 11 through 20

          58         986        1904         939        1566         502        1055         722        1040         442

  Columns 21 through 30

         763         302        1629        1174        1563        1498        2100        1048        1586         624

  Columns 31 through 40

        1188         923         120        1145         461         864         644         779        1094         362

  Columns 41 through 50

        1018         378         455         594        1635        1035         116        1255         868         992

  Columns 51 through 60

         606        1453         863         329         967         922        1472        1144         161         248

  Columns 61 through 70

        1081        1658        2106         817        2052         470         146        1860         466         522

  Columns 71 through 80

         672        1118         706         425         629         139        1491        1692        1885         373

  Columns 81 through 90

         581         251        1015        2192        1909        2030         969        1823         782         156

  Columns 91 through 100

        1295         630         732        1686         674         250         193        2051         142        1551

  Columns 101 through 110

         494         612         886        1282        1286         264        2163         266         707        1796

  Columns 111 through 120

        2162        1927        1884         236        1847         999        1335        1172        1947        1017

  Columns 121 through 130

         339        1964         848        1328        1729         513         279         924         523        1459

  Columns 131 through 140

        1539          53        1813        1914        1357        1342        1918         837        1066         666

  Columns 141 through 150

        2141        1811         941        1630         388        1755        1558        2102        1179        1279

  Columns 151 through 160

        1649        1940        1942         905        1517         921        1615         718         742        2181

  Columns 161 through 170

        1406         272        1662        1834         769        1654         680         894        1110         369

  Columns 171 through 180

        1333        1792        1541        1432         271        1325        1439         775        1303        1548

  Columns 181 through 190

         546        1726        1429         489        1170        2186        1553         539        1691         423

  Columns 191 through 200

        1509         545        1290        1291        1434        1827         942        1064         899         217

  Columns 201 through 210

        1163        1136          48         400         827        1026         964         701        1734         906

  Columns 211 through 220

        1072        1664        1958        1643        1112        1157         450          14         912         166

  Columns 221 through 230

         115        1820        2104        1323        1341         519        1130        1396         691        1412

  Columns 231 through 240

        1701        1931        1181         679         898        1356        1208         295         428        1972

  Columns 241 through 250

        1739        1159         375         824        1075        1871        1223        1180        1465         617

  Columns 251 through 260

        1470        1225         169        1114        1316         402        1262        1531         943        1590

  Columns 261 through 270

        1448        1061        1657         328        1713         218         109        1504         318        2042

  Columns 271 through 280

        1720         993         808         219        1952        1982         720        1367         728        1841

  Columns 281 through 290

        1800         129         983        2050        1861        1565        2180         754         284         467

  Columns 291 through 300

        1332         459        1287        2119         170        1348        1485         534          62        1589

  Columns 301 through 310

         861         521        1763        1957        1529         241        1621         391          22        1698

  Columns 311 through 320

         974        1791        1821        1296         619        1211        1209        1403        1724         143

  Columns 321 through 330

        1880         628        1876         479        1096         354         719         927         843         542

  Columns 331 through 340

        1505           3        1731        2036         683        1337         989        1938         195         492

  Columns 341 through 350

        1609        1002         118         422         766         229          74         958         319         528

  Columns 351 through 360

        2048         577          11        1598         697        2131        1677         324        1679         640

  Columns 361 through 370

          96         571        1268         527         257        1177         873        1385         669         651

  Columns 371 through 380

         852           4        1232        1062        1206        1079        1392        1036         352         133

  Columns 381 through 390

         794         150         566          47         114        1567         297         975        1161        1042

  Columns 391 through 400

         940        1901         556        1466         645         277         173          46         384         280

  Columns 401 through 410

         565         289        1865         511         717         431        1013        2128        1105         469

  Columns 411 through 420

         856        1568         121         997         772         702        1450         618        1087        1167

  Columns 421 through 430

        1016         165        1373        1297        1659        1241        1106         370         809        1369

  Columns 431 through 440

         663          24        1998        1339        1807        1259         659        2045         990        1133

  Columns 441 through 450

        2009        1675        1873         306         904         381         851        1218        1354         813

  Columns 451 through 460

        2156        1164         982         740        1632        1037        1591         889         179         177

  Columns 461 through 470

         876         806         956         710        2066        2082        1996        1655        1992        1068

  Columns 471 through 480

        1095         658         605         389          17          37        1138         928         726         971

  Columns 481 through 490

        1195        1812        1252         296        2020        1377        2096         444         959         233

  Columns 491 through 500

          50        2127        1718        1405         332        1139        1340         178         749         485

  Columns 501 through 510

        1511         909        1300         364        2133        1049         582         235         972        1154

  Columns 511 through 520

        1070        1939        1153        1760        2011         966        2146        1108         500         884

  Columns 521 through 530

        1712         245        1407         424        1265        1330           2        2075         960         151

  Columns 531 through 540

        1455        2129         137        1687        1604        1135        1934        1776         751        1816

  Columns 541 through 550

          75         729        1709        1845        1198        2068        1274         294          30        1052

  Columns 551 through 560

          21         486         810         336        1836         682        1899         642         604          70

  Columns 561 through 570

        2024        1238         785         831         206        1743         668         163        1215         413

  Columns 571 through 580

        1487        1666         411        2176        1610         589        1507        2152         893        1051

  Columns 581 through 590

         796        1738        2021        1527         100        1573         550        1246        1217        1628

  Columns 591 through 600

        1346         344         850         223        2168        1754         781        1382         660         531

  Columns 601 through 610

         102        1039        1483        1722         819         621          81        2175        1833         914

  Columns 611 through 620

        1141         216        1309        1245         182         463         553        1401        1001        1205

  Columns 621 through 630

         447         700         383         673          93         866        2018         361        2135        2179

  Columns 631 through 640

         890        1355         708        1536          13         419         183        1965          33        1078

  Columns 641 through 650

        1477         587        2187        1449        1514        1100         774         872         746         575

  Columns 651 through 660

         192        1193        1767         187         549        2019        1212         357         148         859

  Columns 661 through 670

        1656          69        1023        1954        1619         716         508        2126         855        1445

  Columns 671 through 680

        1375         778         453          25         945         110        1349        1799         607        1676

  Columns 681 through 690

         321         107        1593        1562         209         514        1266         804        1501         334

  Columns 691 through 700

         240        2155        1700        1683         509        1513         911        2005        1226         815

  Columns 701 through 710

         315         341        1798          55        1372         768        1469        1768        1044        1398

  Columns 711 through 720

        2059         340        1387        1607         144        1592         736        1067        1523        1272

  Columns 721 through 730

        2178         507         646         127         434         452         615        2191        1214          64

  Columns 731 through 740

         417        1874        1968         562        1707        1945         111         657        1641        1870

  Columns 741 through 750

        1458         138        1824         401        1889        1646        1005         167         689        1123

  Columns 751 through 760

          35         468         397        1120        1883         603         841         520         214         429

  Columns 761 through 770

        2097         661        1423         950         568        2121        2143        2049        1732         694

  Columns 771 through 780

         739         655         323         200        2184         713        1645        1663        2193         829

  Columns 781 through 790

        1431        1481         693         770        1520        1924        1680        2023        1257          42

  Columns 791 through 800

          10        1263          56         955        1984         867          44         962        1699        1997

  Columns 801 through 810

         149         191        2093        2064          51        1515         743        1024        1029        2136

  Columns 811 through 820

         399        1264        1681        1704        1584        1391         293         918        1492         301

  Columns 821 through 830

         762         560        1689        1088        1420        1963        1764         756        1182        1605

  Columns 831 through 840

        1326        1158        1428         512        1178         125        1967        1955        1728         113

  Columns 841 through 850

        1582        1560        1119        1239        1781        2060         887        1173          82        1908

  Columns 851 through 860

        2057        1868        1032        1626        1284         386         709        1240        1361        1946

  Columns 861 through 870

        1254        1408         228         532         576         931        1532        1790        1891         437

  Columns 871 through 880

         802         180        1150        1695         625         656         292        1146        1345         517

  Columns 881 through 890

        1484         171        1131        1234        1147        2053         330        1306        2047          45

  Columns 891 through 900

         653         792        1917        1534         664        1682        2113        1329         465         242

  Columns 901 through 910

         104        1916        1473         122        1021        1503         472        1851        2041         670

  Columns 911 through 920

        1229        1569        2084         430        1625         136         822        1542        1784        1022

  Columns 921 through 930

        1673        1817        1830          57         237         687         304        1294        1189        1786

  Columns 931 through 940

         973        1650        1331        1893        1647         322        1132        1622        1661         439

  Columns 941 through 950

        2055        2153         213        1741         737         274         790         440         968        2061

  Columns 951 through 960

        1344         307         830        1878         394        1545        1710         164         449        1247

  Columns 961 through 970

        1571         934        1530         946        1409         733         963         172         735         483

  Columns 971 through 980

          54        1321         325        1089         611        1421         506        1960        1991         961

  Columns 981 through 990

         554        1627        2132        1875         952         317        2117         541         432        1368

  Columns 991 through 1000

         584        2107          73        1624         498         798        2166        2165        1162        1090

  Columns 1001 through 1010

         637        1101         103          16         215         725        2014        1528        1608        1134

  Columns 1011 through 1020

         795        2147        2078         436        1103        2022          43        2010        1045        1190

  Columns 1021 through 1030

        1986         316        1058         750          63        1802         239         879         154        1839

  Columns 1031 through 1040

        1745          95        1719        1404         261        1581        1730         616        1640         320

  Columns 1041 through 1050

         853        1314         970        1343         979        1126        1855          97        1047        1521

  Columns 1051 through 1060

        1936        1587         667         350        1275        1213        1191        1176         505        2188

  Columns 1061 through 1070

         126        1905        1923         895         288        1829        1961        1660         475        1561

  Columns 1071 through 1080

        1993        1989        1261        1253        1359          83        1437        1019        1612         232

  Columns 1081 through 1090

        2110        1831         504         634        1580        1638         533        1788        1852        2120

  Columns 1091 through 1100

        1921         932        1395        1362          20        1125        2000         730        2029        1943

  Columns 1101 through 1110

         845        1508         460        1394        1956        1149        1137        1537         404         579

  Columns 1111 through 1120

        1142         184        1983         308         917         135         690        2118         559        1973

  Columns 1121 through 1130

        1390         390        2033         480        1038        1716        1063         262        1053        2144

  Columns 1131 through 1140

        2099        1696          39         578          60         892        1806        1185        1304         799

  Columns 1141 through 1150

        1410         359         208        1244        1753         626         418         543         985        1694

  Columns 1151 through 1160

        1242        1187         761        1152        1495         160        1028        2189         204        1363

  Columns 1161 through 1170

          68        1601         132         414        1270         787         686        1926         789        2074

  Columns 1171 through 1180

         201        2108        1892         814         633         366        2073         124        1774         162

  Columns 1181 through 1190

         491         185         327         360         998         365        2088         456         493         574

  Columns 1191 through 1200

         583        1248         312        1317        1350        1414        1427        1777        1787         557

  Columns 1201 through 1210

        2004         698        1083        2185        1928        1271         346        1999         484         598

  Columns 1211 through 1220

         326         638         130         526         758        2170        1386        1236        1557        1705

  Columns 1221 through 1230

          59          98         253         495         331        1815         915         203        1065        2169

  Columns 1231 through 1240

        1897          41         275         415         870         368        1810         755         481          19

  Columns 1241 through 1250

         636        1759        1014        1292          65         704        1006        1347         572         953

  Columns 1251 through 1260

        1319        1478        1221         692           8         281         371        1678        1723        2172

  Columns 1261 through 1270

           1        2094          67        2038          78        1912          79        1910          87        1854

  Columns 1271 through 1280

         153        1652          99        1642         188        1599         199        1442         202        1197

  Columns 1281 through 1290

         205        1124         207        1012         211         764         226         711         252         255

  Columns 1291 through 1300

         256         291         585         258         358         260        2007         303        1985         309

  Columns 1301 through 1310

        1636         311        1616         342         347         382        1583         403        1526         405

  Columns 1311 through 1320

        1374         409         435         438        1003         443         913         448         681         454

  Columns 1321 through 1330

         474         503         518         524         573         590         595         596         601         602

  Columns 1331 through 1340

         641         654         671         678         684         731         752         757         765         771

  Columns 1341 through 1350

         783         797         812         828         835         854         871         874         878         880

  Columns 1351 through 1360

         883         919         935         936         951         984         988        1000        1050        1057

  Columns 1361 through 1370

        1059        1071        1074        1086        1091        1143        1256        1310        1365        1366

  Columns 1371 through 1380

        1388        1397        1402        1419        1441        1444        1446        1454        1482        1500

  Columns 1381 through 1390

        1502        1538        1546        1552        1554        1596        1597        1613        1623        1703

  Columns 1391 through 1400

        1714        1715        1749        1762        1779        1785        1837        1842        1879        1894

  Columns 1401 through 1410

        1913        1915        1932        1941        1975        1976        2025        2063        2069        2072

  Columns 1411 through 1420

        2090        2116        2122        2123        2139        2177           5           6           7           9

  Columns 1421 through 1430

          12          15          18          23          26          27          28          29          31          32

  Columns 1431 through 1440

          34          36          38          40          49          52          61          66          71          72

  Columns 1441 through 1450

          76          77          80          84          85          86          88          89          90          91

  Columns 1451 through 1460

          92          94         101         105         106         108         112         117         119         123

  Columns 1461 through 1470

         128         131         134         140         141         145         147         152         155         157

  Columns 1471 through 1480

         158         159         168         174         175         176         181         186         189         190

  Columns 1481 through 1490

         194         196         197         198         210         212         220         221         222         224

  Columns 1491 through 1500

         225         227         230         231         234         238         243         244         246         247

  Columns 1501 through 1510

         249         254         259         263         265         267         268         269         270         273

  Columns 1511 through 1520

         276         278         282         283         285         286         287         290         298         299

  Columns 1521 through 1530

         300         305         310         313         314         333         335         337         338         343

  Columns 1531 through 1540

         345         348         349         351         353         355         356         363         367         372

  Columns 1541 through 1550

         374         376         377         379         380         385         387         392         393         395

  Columns 1551 through 1560

         396         398         406         407         408         410         412         416         420         421

  Columns 1561 through 1570

         426         427         433         441         445         446         451         457         458         462

  Columns 1571 through 1580

         464         471         473         476         477         478         482         487         488         490

  Columns 1581 through 1590

         496         497         499         501         510         515         516         525         530         535

  Columns 1591 through 1600

         536         537         538         540         544         547         548         551         552         555

  Columns 1601 through 1610

         558         561         563         564         567         569         570         580         586         588

  Columns 1611 through 1620

         591         592         593         597         599         600         608         609         610         613

  Columns 1621 through 1630

         614         620         622         623         627         631         632         635         639         643

  Columns 1631 through 1640

         647         648         649         650         652         662         665         675         676         677

  Columns 1641 through 1650

         685         688         695         696         699         703         705         712         714         715

  Columns 1651 through 1660

         721         723         724         727         734         738         741         744         745         747

  Columns 1661 through 1670

         748         753         759         760         767         773         776         777         780         784

  Columns 1671 through 1680

         786         788         791         793         800         801         807         811         816         818

  Columns 1681 through 1690

         820         821         823         825         826         832         833         834         836         838

  Columns 1691 through 1700

         839         840         842         844         846         847         849         857         858         860

  Columns 1701 through 1710

         862         865         869         875         877         881         882         885         888         891

  Columns 1711 through 1720

         896         897         900         901         902         903         907         908         910         916

  Columns 1721 through 1730

         920         925         926         929         930         933         937         938         944         947

  Columns 1731 through 1740

         948         949         954         957         965         976         977         978         980         981

  Columns 1741 through 1750

         987         991         994         995         996        1004        1007        1008        1010        1011

  Columns 1751 through 1760

        1020        1025        1027        1030        1031        1033        1034        1041        1043        1046

  Columns 1761 through 1770

        1054        1056        1060        1069        1073        1076        1077        1080        1082        1084

  Columns 1771 through 1780

        1085        1092        1093        1097        1098        1099        1102        1104        1107        1109

  Columns 1781 through 1790

        1111        1113        1115        1116        1117        1121        1122        1127        1128        1129

  Columns 1791 through 1800

        1140        1148        1151        1155        1156        1160        1165        1168        1169        1171

  Columns 1801 through 1810

        1175        1183        1184        1186        1192        1194        1196        1200        1201        1202

  Columns 1811 through 1820

        1203        1204        1207        1210        1216        1219        1220        1222        1224        1227

  Columns 1821 through 1830

        1228        1230        1231        1233        1235        1237        1243        1249        1250        1251

  Columns 1831 through 1840

        1258        1260        1267        1269        1273        1276        1277        1278        1280        1281

  Columns 1841 through 1850

        1283        1285        1288        1289        1293        1298        1299        1301        1302        1305

  Columns 1851 through 1860

        1307        1308        1311        1312        1313        1315        1318        1320        1322        1324

  Columns 1861 through 1870

        1327        1334        1336        1338        1351        1352        1353        1358        1360        1364

  Columns 1871 through 1880

        1370        1371        1376        1378        1379        1380        1381        1383        1384        1389

  Columns 1881 through 1890

        1393        1399        1400        1411        1413        1415        1416        1417        1418        1422

  Columns 1891 through 1900

        1424        1425        1426        1430        1433        1435        1436        1438        1440        1443

  Columns 1901 through 1910

        1447        1451        1452        1456        1457        1460        1461        1462        1463        1464

  Columns 1911 through 1920

        1467        1468        1471        1474        1475        1476        1479        1480        1486        1488

  Columns 1921 through 1930

        1489        1490        1493        1494        1496        1497        1499        1506        1510        1512

  Columns 1931 through 1940

        1516        1518        1519        1522        1524        1525        1533        1535        1540        1543

  Columns 1941 through 1950

        1544        1547        1549        1550        1555        1556        1559        1564        1570        1572

  Columns 1951 through 1960

        1574        1575        1576        1577        1578        1579        1585        1588        1594        1595

  Columns 1961 through 1970

        1600        1602        1603        1606        1611        1614        1617        1618        1620        1631

  Columns 1971 through 1980

        1633        1634        1637        1639        1644        1648        1651        1653        1665        1667

  Columns 1981 through 1990

        1668        1669        1670        1671        1672        1674        1684        1685        1688        1690

  Columns 1991 through 2000

        1693        1697        1702        1706        1708        1711        1717        1721        1725        1727

  Columns 2001 through 2010

        1733        1735        1736        1737        1740        1742        1744        1746        1747        1748

  Columns 2011 through 2020

        1750        1751        1752        1756        1757        1758        1761        1765        1766        1769

  Columns 2021 through 2030

        1770        1771        1772        1773        1775        1778        1780        1782        1783        1789

  Columns 2031 through 2040

        1793        1794        1795        1797        1801        1803        1804        1808        1809        1814

  Columns 2041 through 2050

        1818        1819        1825        1826        1828        1832        1835        1838        1840        1843

  Columns 2051 through 2060

        1844        1846        1848        1849        1850        1853        1856        1857        1858        1859

  Columns 2061 through 2070

        1862        1863        1864        1866        1867        1869        1872        1877        1881        1882

  Columns 2071 through 2080

        1886        1887        1888        1890        1895        1896        1898        1900        1902        1903

  Columns 2081 through 2090

        1906        1907        1911        1919        1920        1922        1925        1929        1930        1933

  Columns 2091 through 2100

        1935        1937        1944        1948        1949        1950        1951        1953        1959        1962

  Columns 2101 through 2110

        1966        1969        1970        1971        1974        1977        1978        1979        1980        1981

  Columns 2111 through 2120

        1987        1988        1990        1994        1995        2001        2002        2003        2006        2008

  Columns 2121 through 2130

        2012        2013        2015        2016        2017        2026        2027        2028        2031        2032

  Columns 2131 through 2140

        2034        2035        2037        2039        2040        2043        2044        2046        2054        2058

  Columns 2141 through 2150

        2062        2065        2067        2070        2071        2076        2077        2079        2080        2081

  Columns 2151 through 2160

        2083        2085        2086        2087        2089        2091        2092        2095        2098        2101

  Columns 2161 through 2170

        2103        2105        2109        2111        2112        2114        2115        2124        2125        2130

  Columns 2171 through 2180

        2134        2137        2138        2140        2142        2145        2148        2149        2150        2151

  Columns 2181 through 2190

        2154        2158        2159        2160        2161        2164        2167        2171        2173        2174

  Columns 2191 through 2193

        2182        2183        2190