lang_getlo: [0.7722132802269751, 0.7722132802269751, 0.7722132802269751, 0.7722132802269751, 0.7722132802269751, 0.7722132802269751, 0.7722132802269751, 0.7722132802269751, 0.7722132802269751, 0.7722132802269751, 0.7722132802269751, 0.7722132802269751, 0.7722132802269751, 0.7722132802269751, 0.7722132802269751, 0.7722132802269751, 0.7722132802269751, 0.7722132802269751, 0.7722132802269751, 0.7722132802269751], avg: 0.77221
lang_kanonizo: [
	random: [0.8025789359861591, 0.768672956314879, 0.8204206314878894, 0.725542009083045, 0.7895085423875433, 0.8157507028546713, 0.7949286332179931, 0.762570285467128, 0.7640570934256056, 0.7924821583044983, 0.7801348940311419, 0.7675173010380624, 0.7905290333044983, 0.7656452746539792, 0.7671388408304499, 0.8063905709342561, 0.8189067906574395, 0.8045253027681661, 0.7370512543252595, 0.7509866998269896], avg: 0.78127
	greedy: [0.7820677443771626, 0.7775870458477508, 0.7734442582179931, 0.7832977400519031, 0.7726332720588236, 0.7789454476643599, 0.7825475778546713, 0.7778641327854672, 0.7828922469723184, 0.7816960423875433, 0.7842574070069205, 0.7796212694636678, 0.7710315743944637, 0.7758028762975779, 0.7778979238754326, 0.7773978157439446, 0.7775397383217993, 0.7794252811418686, 0.718906863814928, 0.7739511245674741], avg: 0.77544
	randomsearch: [0.7750797469723184, 0.7760123810553633, 0.7748364511245676, 0.7792225346020761, 0.7759110077854672, 0.774701286764706, 0.7764246323529412, 0.7702678957612458, 0.7770193555363322, 0.782182634083045, 0.7198207660410301, 0.777086937716263, 0.7820609861591696, 0.7767557850346022, 0.7793576989619377, 0.7808174740484429, 0.7766273788927336, 0.7753433174740485, 0.77530276816609, 0.7796753352076126], avg: 0.77423
	additionalgreedy: [0.7632866565743945, 0.7741335964532873, 0.8035994269031143, 0.7678146626297578, 0.7786278114186852, 0.7702814121972319, 0.7670036764705883, 0.7650911007785467, 0.7204550414666084, 0.762401330017301, 0.791096723615917, 0.8070866673875433, 0.7771410034602076, 0.7670171929065744, 0.7645098940311419, 0.7755122729238755, 0.7623675389273357, 0.7596372188581315, 0.7701665224913495, 0.7714978914359862], avg: 0.77094
	geneticalgorithm: [0.7771477616782008, 0.7959491241349481, 0.7537710856401384, 0.774289035467128, 0.7964289576124568, 0.7895085423875433, 0.7708558607266437, 0.7800875865051904, 0.7612118836505191, 0.760948313148789, 0.7334896734429066, 0.7624891868512111, 0.7597791414359862, 0.7959829152249135, 0.7710518490484429, 0.7439378784602076, 0.7900424416089966, 0.7818920307093425, 0.7384366890138409, 0.7971926362456748], avg: 0.77172
	]
lang_modificare: [
	HC_FA: [0.8248990615451768, 0.7941196529899607, 0.7980276080314274, 0.7848169467481448, 0.8329604975993016, 0.788308871671759, 0.7843668158009602, 0.7756506438236578, 0.8074939982540376, 0.8176901462243561, 0.8029517677869925, 0.8074462570929725, 0.760625818419904, 0.7820343190746398, 0.7981912920122217, 0.8046158882584024, 0.8167830641641204, 0.7874427106067219, 0.7208369707551288, 0.7597050960279353], avg: 0.79245
	random: [0.8079645896988215, 0.7621330750763858, 0.7972432889567874, 0.7949039720646006, 0.7964930707114797, 0.7909550960279353, 0.7870266804888695, 0.7268523570493234, 0.8522206460061108, 0.7944265604539502, 0.7747435617634221, 0.764997544740288, 0.7685917721518987, 0.7657886839807944, 0.732929124836316, 0.7746139786119598, 0.7914938891313836, 0.745819238323876, 0.7881110868616324, 0.7811545176778699], avg: 0.77992
	ART_man_avg: [0.7657886839807944, 0.7698194020078568, 0.7761075949367088, 0.7765372653862942, 0.8270064927979048, 0.7730317001309471, 0.7734954714098646, 0.7771715408118726, 0.794801669576604, 0.7795244980357922, 0.7756642841553906, 0.7842917939764295, 0.7790880074203405, 0.7794085552160628, 0.7756642841553906, 0.8010012003491924, 0.7730317001309471, 0.7711220536883456, 0.7878655608904408, 0.783309690091663], avg: 0.78119
	greedy: [0.7552106067219554, 0.7552106067219554, 0.7552106067219554, 0.7552106067219554, 0.7552106067219554, 0.7552106067219554, 0.7552106067219554, 0.7552106067219554, 0.7552106067219554, 0.7552106067219554, 0.7552106067219554, 0.7552106067219554, 0.7552106067219554, 0.7552106067219554, 0.7552106067219554, 0.7552106067219554, 0.7552106067219554, 0.7552106067219554, 0.7552106067219554, 0.7552106067219554], avg: 0.75521
	genetic: [0.820738760366652, 0.8088512112614579, 0.8269178306416411, 0.789297795722392, 0.777587570929725, 0.7739319620253164, 0.7341499345264076, 0.798620962461807, 0.7627673505019642, 0.7659523679615888, 0.7509821038847665, 0.7801178524661719, 0.7437663683980794, 0.7763667612396333, 0.7612941946748145, 0.7939286883457005, 0.7656113596682671, 0.7513162920122217, 0.8341676669576604, 0.7309171759057179], avg: 0.77736
	SANN: [0.8224779026625927, 0.7674528044522042, 0.7494953077258838, 0.8039065910082933, 0.7738023788738542, 0.8032245744216499, 0.8113610323003055, 0.7997872108249672, 0.8415880074203405, 0.8066210170231339, 0.7735909537319947, 0.7381056307289393, 0.8311326931470974, 0.7857240288083805, 0.8034359995635093, 0.7676028481012658, 0.7968545395024007, 0.757986414229594, 0.7844827586206896, 0.7769191946748145], avg: 0.78978
	HC_SA: [0.7848169467481448, 0.7609327258838935, 0.8162033500654736, 0.7472514731558272, 0.7745321366215626, 0.7949244325621999, 0.8167830641641204, 0.7343477193365343, 0.7882474901789611, 0.8029517677869925, 0.8192519642077695, 0.800175960279354, 0.8062936490615451, 0.7812841008293322, 0.7866038302051506, 0.788308871671759, 0.7410587625491052, 0.8039679725010912, 0.8248990615451768, 0.7844350174596245], avg: 0.78786
	]
