Columns 1 through 8

         346        1619         321         494        1062        1111         754         415

  Columns 9 through 16

         898         119         409        2183        1984        2109        2279        1827

  Columns 17 through 24

        1033        1187        1377        1916         812          79        1519        1846

  Columns 25 through 32

         126        2285        2005        2065        1899         229         742        2241

  Columns 33 through 40

         450        1741         499        1172        1371         207        2085        1368

  Columns 41 through 48

        1736         855         810         779         244         531         349        2027

  Columns 49 through 56

        1189        1327         331        1632        1404        2122        1521        1792

  Columns 57 through 64

        1860        1257         310         550         938        1765        2184         260

  Columns 65 through 72

         726        1249         511        1074         756        1705         715          80

  Columns 73 through 80

         401        2280         225        1906        2191         965        1610         515

  Columns 81 through 88

         589        1722         561         615         195        1680        1836        1902

  Columns 89 through 96

         371        1648         166          35         165        2034         982        1960

  Columns 97 through 104

        2083        1067         817        1699         747         757        1197         388

  Columns 105 through 112

         504         241         316         765        1203        1630         716        1179

  Columns 113 through 120

         460         935         293        1754        1541         740         517        2186

  Columns 121 through 128

         973        2010         553        1089        1878        1350        1305        1631

  Columns 129 through 136

         722         266         670         932         570        1300        1160        2075

  Columns 137 through 144

         514         887         510         702         831         519        2062         385

  Columns 145 through 152

         568        1457        1287        1339        2069        1914          42         189

  Columns 153 through 160

        1231        1571        1763        1821        1402        1515         158         581

  Columns 161 through 168

        1163        1226         221         273        1575         521        1574        2001

  Columns 169 through 176

        1119        1894         283        1145        1154          48        2281         386

  Columns 177 through 184

         216        2054        1673           7        1917        2234        1488        1141

  Columns 185 through 192

         418        1295        2143         464        1353         678        1877         458

  Columns 193 through 200

        1828        1852        1408         710         802          99        1555         989

  Columns 201 through 208

         916        1889        2044        1451        1232        1012         213        1538

  Columns 209 through 216

        1031         856        1524        1660        2164        1665         992         598

  Columns 217 through 224

        1082        1354         486        1289         444         614        1923        1663

  Columns 225 through 232

        1208        1142         988        1118         466         571         124        2082

  Columns 233 through 240

          18         164         536         827        1826         749         759        1874

  Columns 241 through 248

         619         340         638        1464         920        1124         420         732

  Columns 249 through 256

        1806        1823        1786        1184        1270         705        2140        1200

  Columns 257 through 264

         634        1939         714         994         427         893        2009        1580

  Columns 265 through 272

        1918        2261        2287        2250        2257        2209        2225        2182

  Columns 273 through 280

        2199        2148        2168        2035        2124        2007        2006        1990

  Columns 281 through 288

        1999        1963        1974        1943        1955        1715        1738        1616

  Columns 289 through 296

        1647        1552        1597        1437        1532        1212        1415        1128

  Columns 297 through 304

        1136        1006        1125         819         944         780         806         733

  Columns 305 through 312

         704         669         681         551         652         362         470         281

  Columns 313 through 320

         358         152         224          31          60         274         354          71

  Columns 321 through 328

        1892          57         718         140         788        2276         272         624

  Columns 329 through 336

        2041        1112        1993         477         375        1782         723        1662

  Columns 337 through 344

         289         512         637          82         507         588        1617         109

  Columns 345 through 352

        1429        1653         922        1199        1129        1844         245         792

  Columns 353 through 360

        1048         134        1577        2139        1427        1512         394         600

  Columns 361 through 368

        2043        2159        2108        1504         179         608        1357         853

  Columns 369 through 376

        2254        1505         903         584        1780         541         491        1635

  Columns 377 through 384

         180         341         323         671         664         632         966         883

  Columns 385 through 392

        1681        2126         269        1352         114         490        1433        1751

  Columns 393 through 400

         886         250         836        1400          53        2094         795         497

  Columns 401 through 408

         797         642        1522         782         890        1372         933        1386

  Columns 409 through 416

        1064         694        1338        2289        1251        2226        2151        2120

  Columns 417 through 424

        2141        2023        2038        1854        1992        1740        1850        1472

  Columns 425 through 432

        1554        1359        1450         630        1036         535         562         421

  Columns 433 through 440

         516         155         368          91        1336         768        1346        1156

  Columns 441 through 448

         103        1510        1213         315         888         447         501         964

  Columns 449 through 456

        2227         676         874          38         479        1193         318        2253

  Columns 457 through 464

        1621        1570        1401         640         198          28        1976        1971

  Columns 465 through 472

         865         684        1340         230         542        1152         254         343

  Columns 473 through 480

        1863        1110        2190        2247        2181        2179        1685        2113

  Columns 481 through 488

        1435        1642        1243        1380        1180        1225         955        1026

  Columns 489 through 496

         713         724         483         688        2025        1833         489         585

  Columns 497 through 504

         157        1938         674        2104         509        1770        1130        1787

  Columns 505 through 512

        1830         912        1341        2067        2014        1691        1885        1366

  Columns 513 through 520

        1480        1301        1363         953        1215         426         567         330

  Columns 521 through 528

        1343        1598        1032         246        1531        1815        1840         261

  Columns 529 through 536

        1958        1477         200         173         522        1861        1953        1479

  Columns 537 through 544

        1288        1347         993        1229         312         801         784        1434

  Columns 545 through 552

        2097        1459          11        1802        1322        1890        1272        1143

  Columns 553 through 560

        1157         744         774         115         685         319         187        2138

  Columns 561 through 568

        1883        2188         781        1609          40         544        1789        1381

  Columns 569 through 576

        1248        1028        1224         667         679         345         618         313

  Columns 577 through 584

        1639          44        2150         821        1220         623         141         526

  Columns 585 through 592

        2262        1448        2286         177         217         689        1186        1267

  Columns 593 through 600

           5         369        2246        1820        1010        2240        2145        1413

  Columns 601 through 608

         649         725        1677         399         148        2273        1424        1772

  Columns 609 through 616

         863        1773        1253        1624        2265         943         284        1155

  Columns 617 through 624

         785        1891         803        1302        1941         193         468        1315

  Columns 625 through 632

        2291         287         257         473        1611        1998        1059        1409

  Columns 633 through 640

           8        1761        2117        1558        1940        1330        1469        1269

  Columns 641 through 648

        1296        1087        1158         131         335        1682          39         951

  Columns 649 through 656

         858         902        1977        2036        1706        1676        1332        1523

  Columns 657 through 664

         996        1298         429         658          75         196          66        2283

  Columns 665 through 672

        2288        2277        2278        2263        2252        2207        2214        2202

  Columns 673 through 680

        2203        2180        2175        2134        2162        2115        2130        2078

  Columns 681 through 688

        2105        2077        2052        2074        2049        2030        2039        2022

  Columns 689 through 696

        2024        1987        2020        1975        1981        1954        1957        1931

  Columns 697 through 704

        1930        1922        1929        1913        1920        1884        1887        1875

  Columns 705 through 712

        1870        1832        1855        1810        1813        1784        1800        1783

  Columns 713 through 720

        1775        1749        1730        1732        1729        1717        1719        1711

  Columns 721 through 728

        1704        1692        1700        1666        1668        1640        1645        1573

  Columns 729 through 736

        1623        1537        1550        1499        1520        1486        1496        1466

  Columns 737 through 744

        1478        1456        1460        1423        1447        1417        1376        1412

  Columns 745 through 752

        1369        1399        1348        1310        1313        1263        1290        1242

  Columns 753 through 760

        1261        1204        1198        1153        1173        1144        1150        1109

  Columns 761 through 768

        1127        1095        1099        1076        1078        1047        1049        1022

  Columns 769 through 776

        1044        1016        1017         984        1015         930         979         901

  Columns 777 through 784

         924         876         900         859         872         839         843         833

  Columns 785 through 792

         834         814         820         807         813         766         804         761

  Columns 793 through 800

         762         734         736         687         720         644         646         606

  Columns 801 through 808

         610         603         604         599         602         580         595         574

  Columns 809 through 816

         534         505         508         474         485         463         465         445

  Columns 817 through 824

         451         437         438         416         430         406         410         367

  Columns 825 through 832

         374         347         366         294         337         242         264         234

  Columns 833 through 840

         236         205         214         194         199         168         190         133

  Columns 841 through 848

         151         107         110          76          81          59          65          49

  Columns 849 through 856

          56          23          47           6        1102        1678        1946         267

  Columns 857 through 864

         729        1321          52        2192        2147        1444        1795        2238

  Columns 865 through 872

         202         586        1081          17         405         121         636         436

  Columns 873 through 880

        2215         945        1394        1796        1788         279        1982        1283

  Columns 881 through 888

         552        1513        1613        1779        1615         601        1217        1518

  Columns 889 through 896

         390         790         870         829         182        2248        1897         215

  Columns 897 through 904

        1817         403         130        1818        1393        2275        2274          33

  Columns 905 through 912

        1549          84         137        1866         453         929        1403         240

  Columns 913 through 920

        1073        1319         149          77        1525         493        1907        1297

  Columns 921 through 928

        1905         660        1701         226          30         360         380         203

  Columns 929 through 936

        2193        1303        1192        1449         755        1476         449        1858

  Columns 937 through 944

        1979        2137         871        2017        1108         908         811         529

  Columns 945 through 952

         545         171         255          25         520        2171        1952        1421

  Columns 953 through 960

        1865        1425         895        1716        1801        1461         440         389

  Columns 961 through 968

        1097         336         629        1592        1483         132         329        1292

  Columns 969 through 976

        1053         118        1569         302        2063        1137        1211        2093

  Columns 977 through 984

        2029        2160        1620         357        1176           3        1120        1286

  Columns 985 through 992

          61        1670        1485        1560        1766        1664        1405        1035

  Columns 993 through 1000

         425        1262        2073         387        1618        1471        1839        1259

  Columns 1001 through 1008

         502        1507          97        1545         259        1146        1769        1135

  Columns 1009 through 1016

         727         178         661         917        1398         308         113        1964

  Columns 1017 through 1024

        2100        2045        1309        2021        1996         120        2177        1397

  Columns 1025 through 1032

        2101         496         983        2053        1317         378         844         469

  Columns 1033 through 1040

         407         999        1337        1921        1260          50        2200          55

  Columns 1041 through 1048

        1195         105         322        1284         851         432         573         961

  Columns 1049 through 1056

         161         659         612        2032        1328        2229         683        1785

  Columns 1057 through 1064

        1069        1936        2222        1886        2128        1842        1603        1829

  Columns 1065 through 1072

         707        2119        1367        1644         653        1589         826         175

  Columns 1073 through 1080

        1831        1335        1516        1256        1628        1171        1255         413

  Columns 1081 through 1088

        1209        1075        1052         139        1116        1161         239        1994

  Columns 1089 through 1096

         948         100        2211         129         911         913         986         837

  Columns 1097 through 1104

         352         972         818         532         503         169          88        1888

  Columns 1105 through 1112

        2156        1553        1684        2158         286         974        2089        2187

  Columns 1113 through 1120

         237        2167        2213        2166        2114        2058        2103        1915

  Columns 1121 through 1128

        1965        1895        1901        1838        1851        1822        1811        1748

  Columns 1129 through 1136

        1758        1737        1743        1735        1694        1721        1646        1607

  Columns 1137 through 1144

        1643        1527        1599        1526        1443        1422        1440        1333

  Columns 1145 through 1152

        1351        1237        1299        1210        1233        1107        1202        1058

  Columns 1153 through 1160

        1105         976         921         925         889         897         877         783

  Columns 1161 through 1168

         815         657         770         643         645         607         611         555

  Columns 1169 through 1176

         594         419         513         383         395         282         327         271

  Columns 1177 through 1184

         280         227         238         122         186          64          90        1282

  Columns 1185 through 1192

         208        1453         625        2174        1767         708        1266         172

  Columns 1193 through 1200

         950        1320        2259        1757        1121         546        1556         305

  Columns 1201 through 1208

         798         492        1090        2102        2076        1586         342          96

  Columns 1209 through 1216

         915        1388         456         123        1054        1465        1177        1924

  Columns 1217 through 1224

        1594        1068        2172         249        1564        1805         252        1165

  Columns 1225 through 1232

         163        1358        1845         639         309         320        2269         991

  Columns 1233 through 1240

        1528         209         412        1896         662        1562        2003        2165

  Columns 1241 through 1248

        1396        1659         885        1650        1139         709         543         631

  Columns 1249 through 1256

        1634        2090         102         873        1101        1625         307         763

  Columns 1257 through 1264

         959        1276         392        1591        2019          19         298         125

  Columns 1265 through 1272

         439        1857        1045        2146        1637         717         960         620

  Columns 1273 through 1280

         641         162         523        2048         907        2220         860         112

  Columns 1281 through 1288

         295         481        1498         832         487         495        1083        1669

  Columns 1289 through 1296

          54        1614        1501         253         995        1088        1713        1174

  Columns 1297 through 1304

         325        1038         628        1426         268         882        1812        1542

  Columns 1305 through 1312

         743        1834         958         334        1760        1080         183         569

  Columns 1313 through 1320

        1500        1585        1726         698        1326        1869        1445        1416

  Columns 1321 through 1328

        1566        2144        1207        1509         159        1345         842         656

  Columns 1329 through 1336

        1265        1671         896          41         750        2266         621         777

  Columns 1337 through 1344

        1948        2127        1245        1824        1324         471        1342        1602

  Columns 1345 through 1352

        2059         741         101         719         866        1675        1383         847

  Columns 1353 through 1360

        1206        1629        1001        1438         767        1568         414        1166

  Columns 1361 through 1368

         328        1147         219         738         117         695        1117         478

  Columns 1369 through 1376

         849         398         363         170         396         370         391          27

  Columns 1377 through 1384

          87         231         878        2064        2233        2185        2133        1793

  Columns 1385 through 1392

        1908        1497        1781        1458        1702        1228        1475        1009

  Columns 1393 through 1400

         408         448         296         276          67         223           1         222

  Columns 1401 through 1408

        1005          36        1168         582        1517         455         673           2

  Columns 1409 through 1416

         373        1214        1356        1442        1410        1559         880        1652

  Columns 1417 through 1424

         174         699        2037         706        1114        2201        1747        1436

  Columns 1425 through 1432

        1066        2272        1530        1070         617        2290         333        1695

  Columns 1433 through 1440

        1285         454        2264         576         265        1122          68         138

  Columns 1441 through 1448

        1723        2031         365        1622        1503         862         566         591

  Columns 1449 through 1456

         565        1825        1720        2232        2155        2224        1331        1724

  Columns 1457 through 1464

         275        2282         563        2121        2153         461        1604        1862

  Columns 1465 through 1472

        1656        1728         558        1807        1308        1273         769         758

  Columns 1473 through 1480

         116        1314        1030          85         745         940         970         364

  Columns 1481 through 1488

        1291         752        2178         167         300        2197        1140         361

  Columns 1489 through 1496

        2028         682        1809        1407         835        1689        1079         927

  Columns 1497 through 1504

        1567        2079        2217        1474        1576         919         823         910

  Columns 1505 through 1512

        1280         796         605         794         154         376        2081         382

  Columns 1513 through 1520

         176        1205         146        1185         377         593          13         518

  Columns 1521 through 1528

        1061        1688         488        1051         446         655        2235        1835

  Columns 1529 through 1536

        2216        1731        2099        1687        1937        1686        1698        1236

  Columns 1537 through 1544

        1654        1201        1563        1178        1241        1115         987        1024

  Columns 1545 through 1552

         854         764         303         539         184         204         306        1535

  Columns 1553 through 1560

        1872        1709        1034        1581        1055        1149          10        2116

  Columns 1561 through 1568

        1600        1387        2161        1925        2013        1182        1790         697

  Columns 1569 through 1576

         875         808        1841         675         435        1104        1446          26

  Columns 1577 through 1584

        1690        1490        1167         748         975        1316        2068         848

  Columns 1585 through 1592

         864          43         622        1311         962        1935        1473         210

  Columns 1593 through 1600

        2055        2066        1595        1661         431        2096         127         235

  Columns 1601 through 1608

        1672          93        2231        1191        1798         251         879        2123

  Columns 1609 through 1616

         506         462         969         428        1183         326          83         840

  Columns 1617 through 1624

        1746          94         668        2026        1734         968         980          73

  Columns 1625 through 1632

        1181         197        1420          51        2242        1385        1601         136

  Columns 1633 through 1640

         906        1086         557         650         433        1989         192         285

  Columns 1641 through 1648

         597        2080        2149        1506        1626        1411        1430        1258

  Columns 1649 through 1656

        1304        1238        1091        1037        1065         867         869         805

  Columns 1657 through 1664

         816         739         737         583         616         404         484         290

  Columns 1665 through 1672

         314         232         270           4          58         443        1950        1234

  Columns 1673 through 1680

        1797        1439        1904        1633         949         339        1962        2260

  Columns 1681 through 1688

        1578        1379         476         956         144        2223         220        1753

  Columns 1689 through 1696

        1275        2087        1868         332         459         111        1419          16

  Columns 1697 through 1704

         423        1985        2284        2018        2098          45        2142          70

  Columns 1705 through 1712

        1956          14        1239         467         692         525        1882        1294

  Columns 1713 through 1720

        1098         846        2070        1040         291         537        2042         672

  Columns 1721 through 1728

        1027        1988         324        2267        1441        1707        1004         218

  Columns 1729 through 1736

          12         434        1222         547        2244         693        1898          34

  Columns 1737 through 1744

         299        1880        2198        1980        2091         422         981        1582

  Columns 1745 through 1752

        1959        1164        1077         578         700         201         381          24

  Columns 1753 through 1760

         153        2118         686        1973        1657         787        2221        1814

  Columns 1761 through 1768

        1703        2107         952        2206         825         772         985        1502

  Columns 1769 through 1776

         942        1710         350         233        1050        1968        1484        2129

  Columns 1777 through 1784

          92        1583        1138          95         191         278        1584        1879

  Columns 1785 through 1792

         400        1561        1126         830         359        2051         998         579

  Columns 1793 through 1800

        1972        1755        1756        1867        2268        2255        1011        1750

  Columns 1801 through 1808

         809        1638        1293          74        1431        1606        2208        1641

  Columns 1809 through 1816

         397         963         590        1612         914        1389         690         344

  Columns 1817 through 1824

        1092         824        2170         185        1778        2106        1133        1489

  Columns 1825 through 1832

         771         135        1945        1190         909        2218        1744         654

  Columns 1833 through 1840

        1714        1667        2189        1103        1334        1683        1533         248

  Columns 1841 through 1848

        2157         892        1967        1718         560        1349         572         538

  Columns 1849 through 1856

        1536        1162         393         528        1148         891         530         311

  Columns 1857 through 1864

        1378          32         647        1019        2004        1395        1986        1547

  Columns 1865 through 1872

         635         703        1491        2040         206        1223        2219        1277

  Columns 1873 through 1880

        1329         822         967         680        1244        2169        1216        1039

  Columns 1881 through 1888

         696        1020        1230        2111        1983         108        1843        1382

  Columns 1889 through 1896

        1909        1674        1752        1375        1944        1029         838        2136

  Columns 1897 through 1904

          69        2057         665        1969        1169        1194        1023        1056

  Columns 1905 through 1912

         928        1708        1100         263        1949        2212         648        1991

  Columns 1913 through 1920

        2112        1764         997         712         845         596        1725         776

  Columns 1921 through 1928

        1159        1572         372        1094         475        2088        1106        1274

  Columns 1929 through 1936

         735         793         651        1455        2071        2047        1893        1903

  Columns 1937 through 1944

         156         934         613         760        2245        2016        1579        1370

  Columns 1945 through 1952

         946         262         355         587         524         417        1655        1247

  Columns 1953 through 1960

         977        1188         711         852        2095        2173          62        1776

  Columns 1961 through 1968

        1529        1392        2000        2152        1910        1590        1771        1970

  Columns 1969 through 1976

        1391        1060         592         786         549        1428         701         556

  Columns 1977 through 1984

        1544        1539        1046         104        1482        1071         540        2084

  Columns 1985 through 1992

        2270        1762        1355         356        1605         564        1307         351

  Columns 1993 through 2000

        2163        2176        1819         128         424        1791         442        2015

  Columns 2001 through 2008

        1264        1696        2092         575         947        1175          22        1966

  Columns 2009 through 2016

        1799        1912        1508         627         472        1000        1587        1543

  Columns 2017 through 2024

        1712        1926         258        1876         411         212          63        1548

  Columns 2025 through 2032

        1742        1551        2132        1693        1794        1961         297         728

  Columns 2033 through 2040

        1487         926         857         500        2195         188        1364          78

  Columns 2041 through 2048

        1978        1627         633        1281        1018        1934        1196        1014

  Columns 2049 through 2056

         142         990        1864        1837        1470        1679        1933        1318

  Columns 2057 through 2064

        1406        1462         954         247         288           9          20        1777

  Columns 2065 through 2072

        2230        1278         143        1697        1494         746        1227         626

  Columns 2073 through 2080

        1360        1588        1325        1002         160         106         941         791

  Columns 2081 through 2088

        1057         317         936          72        1995        1947         775        2033

  Columns 2089 through 2096

         150        1123        1042        2135        1043        1919        1803        1927

  Columns 2097 through 2104

         799        1021        1432         861         841        1873         498          29

  Columns 2105 through 2112

         868        1739        2050        2249        2061        2204          15        1493

  Columns 2113 through 2120

         937        2228        1414        1546         828        1856         894        1540

  Columns 2121 through 2128

        1008        1565        1816        2002         379        1759        1013        2110

  Columns 2129 through 2136

        1072         730         721         348        1495          89        1849        1492

  Columns 2137 through 2144

        1848        1649        1481         452        1113        1312        1511        2196

  Columns 2145 through 2152

        2258        2056        2243        1221         731        1252        1344        2194

  Columns 2153 through 2160

         181          21         923         145        1254        1131         663         881

  Columns 2161 through 2168

        1250        1928        1323        1390         548         256         353        2237

  Columns 2169 through 2176

        1534         957        2236         789         899         457        2086        2131

  Columns 2177 through 2184

         971         978         691         850        1362         559        1093         533

  Columns 2185 through 2192

        1268        1881        1246        1733        1951        1467        2072        2210

  Columns 2193 through 2200

        1096        1808        1132        1003         800         905        1085        1463

  Columns 2201 through 2208

        1997         441        1911        1942         228         527         904        1306

  Columns 2209 through 2216

        1418        1853         402        1384        1084         939        1727         480

  Columns 2217 through 2224

        1219         482        2251         773        1374        1235         778          37

  Columns 2225 through 2232

        1593        2012         931         243          86        1651        1847         338

  Columns 2233 through 2240

         301         554         577         751        2046        2154        2271          46

  Columns 2241 through 2248

          98         147         211         277         292         304         384         609

  Columns 2249 through 2256

         666         677         753         884         918        1007        1025        1041

  Columns 2257 through 2264

        1063        1134        1151        1170        1218        1240        1271        1279

  Columns 2265 through 2272

        1361        1365        1373        1452        1454        1468        1514        1557

  Columns 2273 through 2280

        1596        1608        1636        1658        1745        1768        1774        1804

  Columns 2281 through 2288

        1859        1871        1900        1932        2008        2011        2060        2125

  Columns 2289 through 2291

        2205        2239        2256