Columns 1 through 8

         847        1176        1063         831         400        3975        3042         581

  Columns 9 through 16

         411        2962        3675        2266        3098         977        1368        1906

  Columns 17 through 24

        3159        2868        1188         290         227        1332         208        3540

  Columns 25 through 32

        3730         817         165        2167        1737        2773        4012        3424

  Columns 33 through 40

         320         255        1708        2280        1996         341        1003        2705

  Columns 41 through 48

        1446        2637         108        3354          12        2000        1323         885

  Columns 49 through 56

        2888        2597        1935        1801         358        3898         218        2819

  Columns 57 through 64

        2577           7         562        1149        1619         367         915        2996

  Columns 65 through 72

        2053        2686         295        1736        1126        3469        1102        2719

  Columns 73 through 80

        1364        3671         181        3486        1129        2612        1357        2768

  Columns 81 through 88

        1868         209        3745         391         720        3560          47        2365

  Columns 89 through 96

         130        2315        2377        2714         654        2753         784        1817

  Columns 97 through 104

        2803         659        2862        1643        3529        2789        2688         974

  Columns 105 through 112

         459        2848         121        1429        1120        2912        2149        3798

  Columns 113 through 120

        1272        2751         434        2003         100         773         872         894

  Columns 121 through 128

        3966        3453        1390        3563        3457        3909        3728        3579

  Columns 129 through 136

        3840         417        2778        1371           1        1282        2552        1537

  Columns 137 through 144

         202         480         637        1760          20        2430         424        1112

  Columns 145 through 152

        2392        2638        1341        3897        1928         877        3272        2657

  Columns 153 through 160

        1874         122        1541        1442         933        2769        3983         230

  Columns 161 through 168

        2935         340        2442        2981        3285        3731         140        1912

  Columns 169 through 176

        2887         708        3965         985        2968         141        3551         928

  Columns 177 through 184

         414        3519        1423        3511         546        3741        2481        2374

  Columns 185 through 192

        2823         248         294        3021        2293        4055        1632        1949

  Columns 193 through 200

         281        2633        4043         509        2522         171        3253        1187

  Columns 201 through 208

         828        2056        1505        2096        1630        2217         851        1375

  Columns 209 through 216

        2540        2750        1841        2882        3528        3908        2717        1386

  Columns 217 through 224

        1205        1870         625           5        2182         234        1674        1396

  Columns 225 through 232

        1617        3057        1201        1056         298        2716          16        1462

  Columns 233 through 240

         970        3654        1818        1759        1101         736         416        1898

  Columns 241 through 248

        2727        2574        3092        1820        1711         673          27        1245

  Columns 249 through 256

        2207        3695          88        3531        3243        3273         544        1840

  Columns 257 through 264

        2247        2114        1074        1199        2171        2016        2253        1651

  Columns 265 through 272

         524        2812         879         484        1343        1871        3697        2065

  Columns 273 through 280

        2437        1416        2475        3513         120        2332        2177        3778

  Columns 281 through 288

        2189        1681        1168        1382         365        2646        4014         198

  Columns 289 through 296

        3684        2740        2449         990        3768        2998         136        3078

  Columns 297 through 304

        3968         829        3195        2654        2339        2313        3473        3866

  Columns 305 through 312

         339         966        2445        2457        2490        3710        1169         816

  Columns 313 through 320

        3307        3270         776         426        1698        3517        2281        2872

  Columns 321 through 328

        1916         576        2807        2318        3433         645         934        3100

  Columns 329 through 336

        2129        3183        2416        2082        3414         512        1318        2539

  Columns 337 through 344

        1483        2360        1147         571        1763        2153        3614        2431

  Columns 345 through 352

        3946        2821        3208         257        2414        1306        3227        1109

  Columns 353 through 360

         636        1654          30          65        3137        2439        3434        3906

  Columns 361 through 368

        1408        1564        3246         982         229         133        3045        1784

  Columns 369 through 376

        1385        3102        2458         883         252         503        1507        1225

  Columns 377 through 384

        2941        2028        3125        3180        2518        3934        3737        1498

  Columns 385 through 392

        3867        1646        3467        3903         301        3883        2758         476

  Columns 393 through 400

        1013        3795         593        3320        2156        3134         360         283

  Columns 401 through 408

         160        1726        2529        2031          38         790        3037         531

  Columns 409 through 416

          83        2739        3672        2037        2348        1407         532        1014

  Columns 417 through 424

        2434         387         343         806        2829        1864        1957         384

  Columns 425 through 432

        2002        3018        1499        2408        2699        3570        3383        2902

  Columns 433 through 440

        2809        2421        2832         113        1710        2173        2608         501

  Columns 441 through 448

        3296        2893         379        1805        3913        1447        1734        3071

  Columns 449 through 456

         362         965        2463          25        2997        1558        2964        1068

  Columns 457 through 464

        2465        2291         212        1139        3734        3094         454        1206

  Columns 465 through 472

        3445        2304        2436         530         634        1192        2820         551

  Columns 473 through 480

        2987        3799        1421        2277        3788         280        1647         920

  Columns 481 through 488

        3468        1221         978        2123         515        3592        3255         923

  Columns 489 through 496

         903        3761        3646        2990        2729         620         377        1224

  Columns 497 through 504

         902        2556        3669        2101        3406         613         502        2613

  Columns 505 through 512

        1683        2311          97        1884        3352        1240        1517        2248

  Columns 513 through 520

         750        1852        3733          32        3879         984        1952        2594

  Columns 521 through 528

         473        1347        1744        1212        1958         610         359        2346

  Columns 529 through 536

        2143        2278        1241        2262        2738         609        1333         529

  Columns 537 through 544

        1344        2239         397        3961         404        1766        3474        3099

  Columns 545 through 552

        2324        1650        1111        1536        3441         794        3480         650

  Columns 553 through 560

        1641        3483        3964        3146        2127        3279        1501        2804

  Columns 561 through 568

        1251        3142        2235        2355        2295          85        1529        3363

  Columns 569 through 576

        1372        1793        3880         312        1750         259         516        3430

  Columns 577 through 584

         798        1289        1889        3043        1628        3895        1152         179

  Columns 585 through 592

        2008        4008         279        3603        1585        3597         356        1194

  Columns 593 through 600

         770        3425        1562        3274        2126        1547        2451        1899

  Columns 601 through 608

        1181        1721        2394        2838         393        2357        1596         490

  Columns 609 through 616

        2160        2950        1091        2059         924         324        2761        1414

  Columns 617 through 624

         566        1301        3953        3327        3618        2728         461        2331

  Columns 625 through 632

        3619         513          78         233        2697        2648        3345        2910

  Columns 633 through 640

        2338        1862        2947         536        2163        2571        3055        3059

  Columns 641 through 648

        1287        2906         820        4027        1890        1025         446        3989

  Columns 649 through 656

        3073        3250        2319         104        3696        3680        2257        2644

  Columns 657 through 664

         627        2112        2214        1477        1639        2336         952         743

  Columns 665 through 672

        3395        3947          42        2497        2433        1493        3821         587

  Columns 673 through 680

        2006        2922         682         102        2682        3331         586        1337

  Columns 681 through 688

        3500         481        2744        2958        3397        1220        3228        3353

  Columns 689 through 696

         584        2012         542        3136        2924        3807        2869        2179

  Columns 697 through 704

        2965        3547        2468        3583        1532        3574         575        2441

  Columns 705 through 712

        2423        1622        3361        3276        1845        1365        3389         354

  Columns 713 through 720

        3724        1953        2776        1918         161        2205         791        2344

  Columns 721 through 728

        3269        1976        1309        3464         668          53        1560          51

  Columns 729 through 736

         442        3765        2507        2723        2046         398         993        1238

  Columns 737 through 744

         189        2932        1388        2908        3158        4018        1059        3318

  Columns 745 through 752

         548        3636        1086        1722        1944        1982        1591        4037

  Columns 753 through 760

        2584         349        1263        2097        3003        1185        2763        1794

  Columns 761 through 768

         886         438          29        2542         296        1474         670         781

  Columns 769 through 776

        1367        2429         487        2570        2116        3259        3700        2762

  Columns 777 through 784

        1178        3546        2564        1984         112        3202        2826        2015

  Columns 785 through 792

         667        2080        2700        3869        2619         554        3343        2172

  Columns 793 through 800

        3910        2260        3777        4001        3687        3238        1258        3322

  Columns 801 through 808

        3400        2275        3173        1110        2786        3342        1792         754

  Columns 809 through 816

        2316        2673        3632        3216        2265        3539        1924        3747

  Columns 817 through 824

         128        3790        2399        3403        3698         722        2875        3070

  Columns 825 through 832

        2972        3963        1358         507         655          41        2287         721

  Columns 833 through 840

         994        1172          50         114        1636          73         700         937

  Columns 841 through 848

        2985        3941        1173        3410        3890        3877        2274        2166

  Columns 849 through 856

        2805        3184        3557        2569        2955        1823        2184         240

  Columns 857 through 864

         168        3704        3364         922        4016        1231         585        2647

  Columns 865 through 872

        1061        2695        1931         800        3090        2131         663         420

  Columns 873 through 880

        3993        3287        3182        3231        3022        3064        2934        2900

  Columns 881 through 888

        2375        2743        1556        2209        1360        1548         425        1162

  Columns 889 through 896

         163         199          98        2658         429        3589        3624         835

  Columns 897 through 904

        4005        3627        3766        2438        3918        1268        2001        2222

  Columns 905 through 912

        1725        3626        2005        2736        2448        2203        2491        3306

  Columns 913 through 920

        3637        3108        2796         919        2611         346        3992        1831

  Columns 921 through 928

        3611        2403        2883        2898        3498        4063        2681        3630

  Columns 929 through 936

         707        1354        2609        1186        1452        2378        2456        2614

  Columns 937 through 944

        3260        2920        2088        2124        2671        3186        2793          81

  Columns 945 through 952

        1795        4033        1520        3986        1449         258        3930          74

  Columns 953 through 960

        3833         134        3997         853         155        1621        4034        2466

  Columns 961 through 968

        3576        2147        1123         498        2959        1119        3706        2917

  Columns 969 through 976

         827         521        1798         406        1070        2061        1691         497

  Columns 977 through 984

         103        3893        3553        3113          26         891         452         675

  Columns 985 through 992

        3115        3525        1780        2583        2312         557        1308        2493

  Columns 993 through 1000

        2752         205         780        3817          77        2121        1485        2856

  Columns 1001 through 1008

        1515        3405        3465        2405        3836         678        3651        1802

  Columns 1009 through 1016

        3233        3000        2107        3505        1911         946        2158        3858

  Columns 1017 through 1024

        1469        3367        2104        1098         264         314        1945        2460

  Columns 1025 through 1032

        3283         194          59        1288        2572        1748        2835        1083

  Columns 1033 through 1040

        3010        3220        2536        1121        4039        1007         500        3875

  Columns 1041 through 1048

        2288        3409         558        1807        3412        1378        3335        2347

  Columns 1049 through 1056

        3039        1680        1867        3281        1356        1127         321          37

  Columns 1057 through 1064

         671        1584        2580         527          52        1735        1985        3454

  Columns 1065 through 1072

        3119        3032        1115        1222        2643        1781        2800        2667

  Columns 1073 through 1080

        1346        1660         466         793        3179        2824        3514         125

  Columns 1081 through 1088

        1094        2581         686         955        1458        2854        2975        1328

  Columns 1089 through 1096

        2632        1135        2620        3526        3823         552        3562         449

  Columns 1097 through 1104

         455         378        2861        3130         332        3759        1731        2779

  Columns 1105 through 1112

        2052         221        3806        1896        3612        2010          70         766

  Columns 1113 through 1120

         392        3631        2060         733        1009         574        2135        3722

  Columns 1121 through 1128

        3900        1044        1269        1732        1443        1450        3780        3605

  Columns 1129 through 1136

         232        3951        2261        3388         135         300         632        1600

  Columns 1137 through 1144

         875        1543        1023        1128        3209        3347         288        1925

  Columns 1145 through 1152

         151        1445        2038        3261         713        1273        1300          56

  Columns 1153 through 1160

        1401        2289        2774        2653        1686        3189        3657        1011

  Columns 1161 through 1168

        1577        1481        2966         549        1405        3459         183        3462

  Columns 1169 through 1176

        1048        2055        2296        2563        2054         578        1369        1923

  Columns 1177 through 1184

        2094         167        2978        2771         176        1663         254         537

  Columns 1185 through 1192

        3688        1557        3960         555        2881        1383        2221         278

  Columns 1193 through 1200

        3607        2086        2691        3555        2051        1811        2137        3147

  Columns 1201 through 1208

        2635         629        2864         926        1741         432         680        2974

  Columns 1209 through 1216

        2913        1329        3554        3315        1327         146        2870        1292

  Columns 1217 through 1224

        2510         435         150        3056        1315        1873        2469        1920

  Columns 1225 through 1232

        3782        1986        3413         939        3971        3001         715        2258

  Columns 1233 through 1240

         329         730        3635        2655        1638        3652        1542        1716

  Columns 1241 through 1248

        2706        2508         986         525        3887        3959        1561         811

  Columns 1249 through 1256

        2340        1998        2049         717        1330        3838        2432         706

  Columns 1257 through 1264

        2680        2554         767         734        2229         348        2074        2956

  Columns 1265 through 1272

         539        2543        2746        2081        3834        2419        1143        2032

  Columns 1273 through 1280

        1200        1878         602         263        2428        1695        3398        3787

  Columns 1281 through 1288

         725        3772         164        2555        3538         674        2168        3937

  Columns 1289 through 1296

         925        2487        3304        3999         403        3650        1728        3805

  Columns 1297 through 1304

        4050         224        2307        4003        1580        3581        3725         810

  Columns 1305 through 1312

        1602        2538        3489        2145         913        2035        1965         237

  Columns 1313 through 1320

         676        2527        2523        3443        2267        1420        1729        2473

  Columns 1321 through 1328

        1140        3482        3112         105        2474        1476         615        1217

  Columns 1329 through 1336

        2228        1336          72        3606         222        3616        3762        3065

  Columns 1337 through 1344

        1758        1994        3638        2013        1348        3392        1248         304

  Columns 1345 through 1352

         153        3899         601        1153        3075         666        1644        2236

  Columns 1353 through 1360

        2606        2400        1394        2621        1667        2382        1747        3151

  Columns 1361 through 1368

        1693        2072        4007        1995        3041        1479        2176        2206

  Columns 1369 through 1376

        3962         317         383        2351         944        1159         597        1730

  Columns 1377 through 1384

         219         310        2328         921        3764        1425         308         929

  Columns 1385 through 1392

          89        3111         486        3590        3193        3185        2795        2524

  Columns 1393 through 1400

         319         106        3750        4024        4054        2886        3040        3080

  Columns 1401 through 1408

        1905        3023         284        3885        1679        3571        3105        2234

  Columns 1409 through 1416

        2161        2589        1779        3843         592         956        3904        2983

  Columns 1417 through 1424

        2515        3167         196        1034        2850         951        3298        3329

  Columns 1425 through 1432

        3097         881        1211         389        2506        3235        1261        3921

  Columns 1433 through 1440

        4048        3622        3705        3325        3267        1838        2672        1304

  Columns 1441 through 1448

        1554         381         437          71         228        1692        1198        2122

  Columns 1449 through 1456

         470        2866        3800          75        1039        1856        3213         756

  Columns 1457 through 1464

        3694         618         604         789         188        2204        3535        3859

  Columns 1465 through 1472

        2349         980        2642        1886        3123         415         124         710

  Columns 1473 through 1480

        2412        1387         422        2625        2455        3278         307        2516

  Columns 1481 through 1488

         712        2513        2415        1815        2662         943         431         373

  Columns 1489 through 1496

        1670        1002        3077        3658         334        2461        1671        1334

  Columns 1497 through 1504

        1114        4057        1513         619         246        2713        3268        3656

  Columns 1505 through 1512

        1904          19        1637        4059        2134        1601        1863        3362

  Columns 1513 through 1520

         261        3006        2863        1363        2103         526        1352        3294

  Columns 1521 through 1528

        3524         769        1400        1331        1814        1295        2105        3095

  Columns 1529 through 1536

        2488        2337        1939        1437        2201        3978        1849         376

  Columns 1537 through 1544

        2111         744          10        1844         631         216         947         266

  Columns 1545 through 1552

         145         430        1005        3917        1236        1607        3114        1694

  Columns 1553 through 1560

        2904        3868         628        3507        3818        2130        3664        1436

  Columns 1561 through 1568

        1467        1677         914         116        2418        3754         774        1956

  Columns 1569 through 1576

        1376         590        2810        3084         239        2380        2946        1500

  Columns 1577 through 1584

        3047         115        2923        2044         158        1791        3128        3229

  Columns 1585 through 1592

        3604        2659        3109        2115         600        3793        3305        1937

  Columns 1593 through 1600

         143         714        3726        2639        1196         336         844        1088

  Columns 1601 through 1608

         749        3014        1897         238         850        1502        3851          67

  Columns 1609 through 1616

        3552        3739        3166        3841        1599         148        3419        1929

  Columns 1617 through 1624

         796         694        1576         569         265        2558        2425        3940

  Columns 1625 through 1632

        2286        2193        2878        1252         759        1603        2503          87

  Columns 1633 through 1640

        3365         271        2025         225        1170        1071        2605         612

  Columns 1641 through 1648

        1284        2957        2026        1180         681         870        1384        1555

  Columns 1649 through 1656

        3309        3666         864        2755        3190        3062        2435        3191

  Columns 1657 through 1664

          49        1255        3720        2845        3639        2559         912         599

  Columns 1665 through 1672

         494         897        1434        1062        2846        2722        1075        3368

  Columns 1673 through 1680

        2245        3922        3239        3771        2960        1961        3323        2219

  Columns 1681 through 1688

        3321        2391        1381        3881         465        2489          28        2452

  Columns 1689 through 1696

         699        3682         880        1296        2549        3518         788        4056

  Columns 1697 through 1704

           4        1927        1322        1581        3857         292        1642         865

  Columns 1705 through 1712

        3337         423         419        3952        1234        2676        1311         669

  Columns 1713 through 1720

         518        1444         152         464        1948        1340         327        3034

  Columns 1721 through 1728

          57        1523         109         729        1653        1411        1789         895

  Columns 1729 through 1736

        1768         439        3495        3751        1830        1626         967        3956

  Columns 1737 through 1744

        3244         963         241        1761          22         661          34        2741

  Columns 1745 through 1752

         918        3596        1099         154        2165        3420         493        1105

  Columns 1753 through 1760

        1342        2170        3848        2343        1042        1739        2617        3349

  Columns 1761 through 1768

        1612         761        1715         131        3645         757         287        3110

  Columns 1769 through 1776

        2450        1290        1776        1902        3150        3339        4000        2588

  Columns 1777 through 1784

         447        2422        3681         369        1665        2077        2988        3177

  Columns 1785 through 1792

         386         949         357        2299        3850         129        2943        1872

  Columns 1793 through 1800

        3984        2656        3995        3126        3221         427        3336        1859

  Columns 1801 through 1808

        2547        2734        2427         274        3775        1824        2690         178

  Columns 1809 through 1816

         941        3647        1861        3153        2566        2069        2472        1490

  Columns 1817 through 1824

        4060        2851        3372        2023        2335         652        4049          66

  Columns 1825 through 1832

          99         560        2567        1887          21         195          84        2350

  Columns 1833 through 1840

        1606         804        3649        1455         456         936         236        1227

  Columns 1841 through 1848

        3892         971        2562        1850        1036        1353        2818         577

  Columns 1849 through 1856

        3884        1235        2715        2297        2858        2749        1659         270

  Columns 1857 through 1864

        1799        3504         421        2553        3031        2931        3729        1988

  Columns 1865 through 1872

         491        3839        2030        1966        3958        1813        2533         366

  Columns 1873 through 1880

        1103         533         787        1858        3446         724        2004         462

  Columns 1881 through 1888

        2263         214        1803        1588        2709        1312        2989         282

  Columns 1889 through 1896

         589        1022        2482        1488        1165        1325        1625        3831

  Columns 1897 through 1904

         873        1514        2009        1247        2225         765         504         132

  Columns 1905 through 1912

        1267         822        1286        3974        3225        1374         814        1767

  Columns 1913 through 1920

        3460        2249         231         217        2732        3197        1174        1775

  Columns 1921 through 1928

        1471        2326        2273         748        1179        3377        1770        1696

  Columns 1929 through 1936

        1597        3334        3219        2843        3087        2155        1676        2142

  Columns 1937 through 1944

        2852        2891          46        3214           6        1482        3543        2100

  Columns 1945 through 1952

         594        3865        1882        2938         837        3593        1575        1610

  Columns 1953 through 1960

         309        2330        2703        1706        3470        2785        3931        3615

  Columns 1961 through 1968

        1549        1136        3792         657        3558         909        2476        2899

  Columns 1969 through 1976

         482        2019        3742        3240         206        1276         119        2420

  Columns 1977 through 1984

        3980        2877        3314        3333        1742        2471        1026          45

  Columns 1985 through 1992

        3925        3435        3311        2359         739        1933          33        3035

  Columns 1993 through 2000

        2649        1320        2586         582         172        3640        2596         468

  Columns 2001 through 2008

        2548        3393        3384           2        2896        1571        2132        2860

  Columns 2009 through 2016

        4006         802        1465         727         352         374        1749        2626

  Columns 2017 through 2024

        4026         697         688         808         728        1851        2208         166

  Columns 2025 through 2032

        3613         815        2505        1031         101        3822        3794        2615

  Columns 2033 through 2040

         846         505        3169        2426         646         110           8        1270

  Columns 2041 through 2048

        1672        3938        2398        1955        1719        1782        4036        3533

  Columns 2049 through 2056

        3036        3082        3408        1419         443        2674          48        1567

  Columns 2057 through 2064

        1565        1981        3375        3809         976        3236        1885        3282

  Columns 2065 through 2072

        4028        1338        3017        1615        1096        1583        1566        3919

  Columns 2073 through 2080

         596         382        2185        2186        1963        1834        1441        1157

  Columns 2081 through 2088

        3063        2825         184        1977        3379        1866        1527        3522

  Columns 2089 through 2096

          44        1000        1095         981        3936        2294        1528        3326

  Columns 2097 through 2104

        2499        1494        1666         718        3366         665        1085         127

  Columns 2105 through 2112

        3565        3609        2027        1857        3976        1413        2354         173

  Columns 2113 through 2120

         689        1846        3188        3567        2692        3171        1256        1578

  Columns 2121 through 2128

         299        1020        2733         621        2817        2498        2894        4053

  Columns 2129 through 2136

         890        1415         126        3026         315         785        1475        1389

  Columns 2137 through 2144

        1154        2075        3317         795        3797        1668        2119        1914

  Columns 2145 through 2152

         819        2590         338        1213         450        3608        3127         541

  Columns 2153 through 2160

        3061        2967        2857        2098          11        1951        4030        2954

  Columns 2161 through 2168

        3149        2661        3248        2874        1623         747        3044          54

  Columns 2169 through 2176

         960        3783        1260         740         711        3161        2022        1100

  Columns 2177 through 2184

        3585        1604        2844         979        3703         342         249         687

  Columns 2185 through 2192

         616         488         964        3736         635         441        3610        3803

  Columns 2193 through 2200

        1124         550        1393         289         242        2766        1310        1280

  Columns 2201 through 2208

        1167        3402        3829        2113        1756         633        3011        2117

  Columns 2209 through 2216

        2914        3374        1397         364        3074        1379        1657        1877

  Columns 2217 through 2224

        2095        3786        2178        1464         361        3139        3093        2018

  Columns 2225 through 2232

        3501        2007         957        4052        3677        1380         719        4031

  Columns 2233 through 2240

         251         460        2276        3629        1457        1675        2238        3708

  Columns 2241 through 2248

         185        3957         489        4041        1058        2599        1237        3674

  Columns 2249 through 2256

        3399        3665        1155        3168        3266        1090        3012        3089

  Columns 2257 through 2264

        2327        3702        2029        2224        2757        2084        1054         779

  Columns 2265 through 2272

        1307        1202        2925        1879         869         162         213         363

  Columns 2273 through 2280

          76        1130        1590        1210        3300        3487        2880        3493

  Columns 2281 through 2288

        2317        1593        1992        2704          62        2742        1158        3451

  Columns 2289 through 2296

        3690        3051        3912        3496        1613        2159        1618        1972

  Columns 2297 through 2304

        2693        3038        3371        3252        3218        2334        1078        2484

  Columns 2305 through 2312

        3714        1855         852        1122        1530        3516        2806        3447

  Columns 2313 through 2320

        3461        1430        1973        2892        3644         860         335        3277

  Columns 2321 through 2328

        3894        1678        2066        2358        2401        3154        3490        3172

  Columns 2329 through 2336

         648         786        1051        2150         643        2190        1809        2724

  Columns 2337 through 2344

        1740        3723        1190        3569         809        3776        3561        2526

  Columns 2345 through 2352

        1366        1746         520        1903        3481        3475        2525        1233

  Columns 2353 through 2360

         474        1092        3752        3083         117        2631         623        3439

  Columns 2361 through 2368

         758        1060         428         244         866        2191        2961        2884

  Columns 2369 through 2376

        2865         626        2230        2085        2181        3530         269         137

  Columns 2377 through 2384

        2916        3929        1573         701         286        2233        3855         260

  Columns 2385 through 2392

        1774        2901         777         778        2454        2162        1828        1847

  Columns 2393 through 2400

        2298        1913        2270         331        3143        3206         344        3138

  Columns 2401 through 2408

         691         848        1609         685         469        3484        2537         898

  Columns 2409 through 2416

        3201        3888        2402         538          24        3770        2325        1703

  Columns 2417 through 2424

         945         775        2788        1125         887          39        2314         579

  Columns 2425 through 2432

        4046        2531        1762        1915        3673        3016        3174        3691

  Columns 2433 through 2440

        3556        4061        4013        1990        1148        1569        2144        2231

  Columns 2441 through 2448

        1019        3211        3663        2406        2645        3699        2202        3949

  Columns 2449 through 2456

        2216        3670         144        3301        3476        3591        2036        2919

  Columns 2457 through 2464

        1359        1772        1370         519        1089        2424        4045        1635

  Columns 2465 through 2472

         211        3871        1940        1275        3550         177        3568        1004

  Columns 2473 through 2480

        2045        3860        2067        1050        3718        3106        3944        2243

  Columns 2481 through 2488

         517        3124        3862         303        3515        3058        4040        1796

  Columns 2489 through 2496

        2410        2748         272        3943        1540        1964        2120        3896

  Columns 2497 through 2504

        2636         910          90        2918        3582        1827         653        1594

  Columns 2505 through 2512

        2630         833        1134        3066        2333        2999         203        1259

  Columns 2513 through 2520

        3332        1057          36         275        1634        1629         565        3485

  Columns 2521 through 2528

        3479        3442         854        2797         735        1079        2154        1377

  Columns 2529 through 2536

         156        2169        3748         672        3915         840         882        1319

  Columns 2537 through 2544

        1707        1216        2128        3659        3668        2602         606         838

  Columns 2545 through 2552

         683        3004        1702        3295        3060        2089         849        1648

  Columns 2553 through 2560

        3178        3096        3455         223        2834        2050         390        3804

  Columns 2561 through 2568

        3810         836        1264        3872        1738        1035        3288        3316

  Columns 2569 through 2576

        1980        1001        2284         638         797        2600        2467        2064

  Columns 2577 through 2584

        3120        2500        3955        2322        4021        1687        1598         118

  Columns 2585 through 2592

        2251        1954        1835        2070        1412         169        2250         741

  Columns 2593 through 2600

        2478        1709        1189        3660        1197        3757         760        1226

  Columns 2601 through 2608

        3204        2711        2725        3373        2379        3013        3541        4015

  Columns 2609 through 2616

        2411        1504        2836        3683        3450        1535        3053         311

  Columns 2617 through 2624

         394        3249        3341        1141        2618        2164        3916        3050

  Columns 2625 through 2632

        1451          60        3407         737        1049        2791        2677        3648

  Columns 2633 through 2640

        1790        3303        3933         277        1106        1713          63         305

  Columns 2641 through 2648

         123         444         375        2521         841        2970        2017        3981

  Columns 2649 through 2656

        1496         764        2479        3290        1697         191         868         938

  Columns 2657 through 2664

         892        2183        1769        2890        1137         139        3466         142

  Columns 2665 through 2672

        3009         370        1669        2447        2241        2039         832        2240

  Columns 2673 through 2680

         268        3508        1664         235        3914        2363         905         508

  Columns 2681 through 2688

        2501          43        3990        2822         545        2110         826        3600

  Columns 2689 through 2696

         871        3199        1652        2194        2269        3564         478        2685

  Columns 2697 through 2704

        3819        2994        4025        2356        3825         291        2256        3628

  Columns 2705 through 2712

        1926        1983          58        2196        3131        1579         388        3271

  Columns 2713 through 2720

         273        2462         567        2976        1399        2905        1506         445

  Columns 2721 through 2728

        3423        3286        3844        1843         693        3155        3746        1012

  Columns 2729 through 2736

        1826        1116        1305        3215        2285        2839         807        1084

  Columns 2737 through 2744

        3308        3497        1016         624        2514        1204        2940         644

  Columns 2745 through 2752

        1422         876        1228        4004        2272        2616         792        2368

  Columns 2753 through 2760

         547        1214         649         975        1875        1163         471         696

  Columns 2761 through 2768

        2301        2907         738        3380        3521         751        2782        2387

  Columns 2769 through 2776

        1052         204        3241         174        1316        3234        1993        2765

  Columns 2777 through 2784

        2211         337        2721         325         180        1246        2446         641

  Columns 2785 through 2792

        4065        2345         995        3207         856        1077        2623        1611

  Columns 2793 through 2800

        3907        2292        3144         561         968         954        3067        1656

  Columns 2801 through 2808

        1045        1424        2897        1285        1145         220        1552        2388

  Columns 2809 through 2816

        1278        1491         907        2665         813        1118         608        3426

  Columns 2817 through 2824

        1175        1673        3088        2927        1587        1303         147        1008

  Columns 2825 through 2832

        1538        4044        1160         492        2601         640        3132        2091

  Columns 2833 through 2840

        2180        1894        1166         553         186        2760        2945         207

  Columns 2841 through 2848

        1428        1232         201        3572        1404        2218        3181         256

  Columns 2849 through 2856

        3617         958        3824         782        1076        3743        2480        2083

  Columns 2857 through 2864

        2731        3223        1427        1661        3421        1391        3198        3170

  Columns 2865 through 2872

        1764        1219        3655        3224        2799        2828        2477        2575

  Columns 2873 through 2880

        1249         210        2720        2271        1524        3575        3573        2735

  Columns 2881 through 2888

        1017        1324        2102        3532         355        1743        3122        2376

  Columns 2889 through 2896

        2790        1417        2246        1563         276         803        1082        1271

  Columns 2897 through 2904

        1132         463        1907        1839         857        3156         927        1492

  Columns 2905 through 2912

         107        2413        3760        3512        3428        1658         475        3247

  Columns 2913 through 2920

         436        1509        1968        3436        1869         588         322        3707

  Columns 2921 through 2928

         677        1718        3678        2624        2652        3401         862        3711

  Columns 2929 through 2936

        1066         698        1989         983         323         522        2995        2390

  Columns 2937 through 2944

        1930         412         878        3222         603        1631        3049        3324

  Columns 2945 through 2952

        1614        1473        2816        1104        1470        2302          13        3310

  Columns 2953 through 2960

         752        1880        1853          18        1478         563        2561        2557

  Columns 2961 through 2968

        2118         843         372        1131        1503        1438        1714        1787

  Columns 2969 through 2976

        1688        1900         867         467        3740        1921         413        3411

  Columns 2977 through 2984

        1294        1645        1146         950        1655        3686        1519        1032

  Columns 2985 through 2992

        2372        2592        2187         605        2383        3796        2485        1487

  Columns 2993 through 3000

        1991        2670        2792        2306         559        1620        2024         607

  Columns 3001 through 3008

        1941        3811        3116        2393         302        3594        1946        2071

  Columns 3009 through 3016

        1069        3791        2651         111        3194         842         959        1699

  Columns 3017 through 3024

        2535        3280        1138        1484        1690         723         973        1971

  Columns 3025 through 3032

        1724        1021        1463         888        1460         830        2871        3502

  Columns 3033 through 3040

        3002        1959         992         801        3969        1435        3977        1816

  Columns 3041 through 3048

        1832         371        2090        3491        1472        2386        1426        1997

  Columns 3049 through 3056

        1431        3801        1480        1142        1833         658        1244        4035

  Columns 3057 through 3064

        1533        3069        1402        3545        1595        2199        3140        1317

  Columns 3065 through 3072

        3950        3245        2879        2034        2385        2660         746        2151

  Columns 3073 through 3080

        3779        1349        2726        3689        2361        1753         611         247

  Columns 3081 through 3088

        3072        1195        1819         812        1979        2220        2689        2079

  Columns 3089 through 3096

        1279        3390        1064        1466         889        2073        3230        1203

  Columns 3097 through 3104

        2737        1570         899         989        2141        1545         477        2509

  Columns 3105 through 3112

        2138        1010        1786         570         911        2353        1265        2305

  Columns 3113 through 3120

        2767        1808         874        3448        2551        3846        2550        1589

  Columns 3121 through 3128

        1274        2232        3662        3472          64        1891        2701        2696

  Columns 3129 through 3136

        2532        3785        3774        1978        3932        2329        1901        3262

  Columns 3137 through 3144

         253        1182        1183        1314        2157          31        2942        2227

  Columns 3145 through 3152

        2784        1522         385        1525        1191        2568        2093        3085

  Columns 3153 through 3160

        3382        3196        2840        3709        3437         906        2139        2675

  Columns 3161 through 3168

        3902        3081         598        1151        3621        4002        3356        1339

  Columns 3169 through 3176

        1512        1468        2669        1432        1649        3755        2264         193

  Columns 3177 through 3184

        3068        1015         799        1298        2939        2991        2775        3263

  Columns 3185 through 3192

         859        2106         409        1893        2470        1539         824        3313

  Columns 3193 through 3200

        2384        2831        1888        3101        1640        2047        2833        3118

  Columns 3201 through 3208

        2802        1313        3319         402        2885        2175        2459         617

  Columns 3209 through 3216

         834        1727          80        1024        3217        3360        1080         472

  Columns 3217 through 3224

        1829        1518        2777        2440        3784         664        3492         347

  Columns 3225 through 3232

        1439        3641        2827        3275        2136        1919        2565        2794

  Columns 3233 through 3240

         495        1909         704        2464        1922        2841        3716        3348

  Columns 3241 through 3248

         942        1689        2453        3237        2814         457        3346        4032

  Columns 3249 through 3256

        1207        2300        1685        3566        2200         568        3601        2973

  Columns 3257 through 3264

        2634         499        1848        3537        2984        2982        3258        2585

  Columns 3265 through 3272

        1041        1326         908        3998        2140        1682         996         863

  Columns 3273 through 3280

        1184        2369        2146        1969        2641        1093        3923        2486

  Columns 3281 through 3288

        2953        2847        1006        3991        1572        1917        2530        3355

  Columns 3289 through 3296

        3289        1936        3717        2352        1938        2210         745        2811

  Columns 3297 through 3304

        1253        2747        1752        3926         997        2708        1950        1257

  Columns 3305 through 3312

        3781        2268        3418        1895         684        2057         182        1277

  Columns 3313 through 3320

        2148        2492        2666        2756        2986        3157        2992        2342

  Columns 3321 through 3328

        3773        2237        2152        2679        3721         772        1362         190

  Columns 3329 through 3336

        3920        2283         969        3827        1582        3028        3942        2519

  Columns 3337 through 3344

         313        2622        2798         293        2215        3385        2712        1574

  Columns 3345 through 3352

        3165        1559        2252        2593        2781        1544        3025        3864

  Columns 3353 through 3360

        3577        1266        1616        2754         861        2949        3019         330

  Columns 3361 through 3368

        3837        2255        3020        2397        3587        1410        2607        1033

  Columns 3369 through 3376

        1297        4051        2197        3870        3996        1164        3015        2511

  Columns 3377 through 3384

         573        2444        1511        1283        3415        2772         187        3620

  Columns 3385 through 3392

        2370        2598        3029        3396        4058        3048        1701        3813

  Columns 3393 through 3400

        3328        1345         893        3542         731        3135        3856        2040

  Columns 3401 through 3408

         306        3005        1967         647        2534        2694        2443        1440

  Columns 3409 through 3416

        1403        1745        2801        2937        3076        3623        4064        1392

  Columns 3417 through 3424

        3381        3499        2603        2678        2936        3033        2244        3625

  Columns 3425 through 3432

        3854        3103        1243        3634        3284        1027        1785        3967

  Columns 3433 through 3440

        2068         651        1108        3559        3145         556        2842         962

  Columns 3441 through 3448

        3876        1754        3091         511        3802        2109         896        2610

  Columns 3449 through 3456

        2707        3030        3297        1962        3633        3891        3973        2381

  Columns 3457 through 3464

        1395        3693        1350        2520        1454        2663         262        3256

  Columns 3465 through 3472

        1778          82         583        3935         405        1627        3175        2683

  Columns 3473 through 3480

        1624         998        3200        3523        2698        2921         572        3133

  Columns 3481 through 3488

        3503        3744        3979        2242        3642        3735        1723        3357

  Columns 3489 through 3496

        3351        1806        2308        1551        3789        1510        2048        3927

  Columns 3497 through 3504

        3344        1299        1550        2664         528         742         988          95

  Columns 3505 through 3512

        1293        2977        3291        3816        1812        3370        3972        3449

  Columns 3513 through 3520

        2702         448        3148        3369        2320        2650        3598         716

  Columns 3521 through 3528

        1942        2808        3394        2783        1546        3386         768        3008

  Columns 3529 through 3536

        3580        2528        4017        2930        4019         401        3264        3549

  Columns 3537 through 3544

        2573        1291        2483        3452         930         333        1987        2578

  Columns 3545 through 3552

        3152        3828         396         703        1608        3679        1534        1409

  Columns 3553 through 3560

        1842        3767        2684        1974         138         433         192        3494

  Columns 3561 through 3568

        3358        2895         726        1254        2855        3471         485        3387

  Columns 3569 through 3576

        3845         197        1038        2063        3849        2108        3889        1208

  Columns 3577 through 3584

        1516        1073        3653        3852        3820        1351         660         823

  Columns 3585 through 3592

        3438        3905        4023         514        1568        4011        3164        3292

  Columns 3593 through 3600

        2303        2730        3456        2341        3911         453        2213         679

  Columns 3601 through 3608

        2745        2909        1459        3732        2282        1081         961        3350

  Columns 3609 through 3616

        1398        1373        2407         157        2409         250        3046        2979

  Columns 3617 through 3624

        1705        1773        3510        1892        2952        3763        4022        4029

  Columns 3625 through 3632

        3330        1810        2062         622        2591        1821        3578        2042

  Columns 3633 through 3640

        3376        1999        1883        3924          40        3129        2043        3826

  Columns 3641 through 3648

         901        1526        1684        2710        3970        3988        3882        3007

  Columns 3649 through 3656

        1218        2873        1531        3987        2496         931        1800        2969

  Columns 3657 through 3664

        1712        3939        1448        3440        3994        2174        1361        4047

  Columns 3665 through 3672

          94        3667        2020         543        3874        3586        2911        3378

  Columns 3673 through 3680

         692        1495          91         479        1029        3945        3052         245

  Columns 3681 through 3688

        2254        1860        3463        1837         316         705         662        3293

  Columns 3689 through 3696

         440        3478        1717        1947        1461        1047        3812         771

  Columns 3697 through 3704

        1117        1825        2929        3488        1755         418        3982        3404

  Columns 3705 through 3712

        2640        3429        2366        2195        3117         845        4062          96

  Columns 3713 through 3720

        2223         656         243        2541        1239        3427        3928         215

  Columns 3721 through 3728

        1489        2188        3901        2404        2512        2364        2867         175

  Columns 3729 through 3736

          14          86        1497        1970         297        3079          17        3534

  Columns 3737 through 3744

        3738        2259         839        3713         702        2092        1302        3715

  Columns 3745 through 3752

        3527        2076        3548        3162        1250         818         753        1053

  Columns 3753 through 3760

        2876        2502        3701        4010          92         763        1908        2859

  Columns 3761 through 3768

        1521        1156        2279        2041         564        1553         916          79

  Columns 3769 through 3776

        3769        2373        3692         580        3878        1107        1018        3758

  Columns 3777 through 3784

        2933           9        2323         932          23        1055         285        1932

  Columns 3785 through 3792

        1783         510        2545        1133        3205         709        1757        2971

  Columns 3793 through 3800

        2629        2595        3163        2944        2837        1486        1586        1030

  Columns 3801 through 3808

        3232         506        3861        3509        3431        1633        1242        2889

  Columns 3809 through 3816

        2389        1161         351        2628        1943         987        1777        2099

  Columns 3817 through 3824

        1910        3160        2627        2198         948        2321        2770        1592

  Columns 3825 through 3832

          35        3104        2687         380        3832        2133        1788        3661

  Columns 3833 through 3840

         642         595        2494        1700         523        1097        2517         821

  Columns 3841 through 3848

        3712        1281        3520        3853        3756         159         762         483

  Columns 3849 through 3856

        1028         855         917        3506         953        3027        3254        3842

  Columns 3857 through 3864

        2903        1335         991        1046         999         408        2718        1150

  Columns 3865 through 3872

        2546        1720        1229        1854        3265        1215        3808        4042

  Columns 3873 through 3880

        3830        3226        2582        3584          15        1040        1876        2362

  Columns 3881 through 3888

           3         614        3458        3391        1223        2668        2853        2078

  Columns 3889 through 3896

        3588        1113         350         783        1406        2928        2310         535

  Columns 3897 through 3904

          93        1321        1193        3422        2033        3141        3676         318

  Columns 3905 through 3912

         451         399         755        1433         940         326        2014        1804

  Columns 3913 through 3920

        2212        3107        3417         149         345         639        3814        2226

  Columns 3921 through 3928

        2604         900        3685        1043        2367          55        2764        2815

  Columns 3929 through 3936

        3176        3873        2948        1453        3416          69        3727         591

  Columns 3937 through 3944

         540        1144        1177        4038        2495        2849         534        1418

  Columns 3945 through 3952

        1934        2309         353         368         458        2396        1508        1822

  Columns 3953 through 3960

        3536        3086        3985        2058        3257         496         690         904

  Columns 3961 through 3968

        1065        1355        1733        2915        1797          61          68         170

  Columns 3969 through 3976

         200         267         407         695         805        3312         884        1072

  Columns 3977 through 3984

        1087        1171        1704        1751        1865        1881        2021        2087

  Columns 3985 through 3992

        2192        2504        2560        2579        2759        2926        2993        3024

  Columns 3993 through 4000

        3054        3121        3242        3299        3338        3444        3595        3602

  Columns 4001 through 4008

        3643        3719        3835        3954        1975        2544        3749        1067

  Columns 4009 through 4016

        3886         732        2290        1262         858        4009         935        2125

  Columns 4017 through 4024

         226         328         395         630         825        1209        1230        1605

  Columns 4025 through 4032

        1662        1765        1771        2371        2417        2576        2587        2780

  Columns 4033 through 4040

        2951        2963        2980        3210        3212        3251        3302        3340

  Columns 4041 through 4048

        3359        3432        3477        3599        3847        3863        3948         410

  Columns 4049 through 4056

         972        3544        1037        3187        3815        1456        1836        1960

  Columns 4057 through 4064

        2011        2395        2787        2813        2830        3192        3203        3753

  Column 4065

        4020