 Columns 1 through 9

         346        1619         321         494        1062        1111         754         415         898

  Columns 10 through 18

         119         409        2183        1984        2109        2279        1827        1033        1187

  Columns 19 through 27

        1377        1916         812          79        1519        1846         126        2285        2005

  Columns 28 through 36

        2065        1899         229         742        2241         450        1741         499        1172

  Columns 37 through 45

        1371         207        2085        1368        1736         855         810         779         244

  Columns 46 through 54

         531         349        2027        1189        1327         331        1632        1404        2122

  Columns 55 through 63

        1521        1792        1860        1257         310         550         938        1765        2184

  Columns 64 through 72

         260         726        1249         511        1074         756        1705         715          80

  Columns 73 through 81

         401        2280         225        1906        2191         965        1610         515         589

  Columns 82 through 90

        1722         561         615         195        1680        1836        1902         371        1648

  Columns 91 through 99

         166          35         165        2034         982        1960        2083        1067         817

  Columns 100 through 108

        1699         747         757        1197         388         504         241         316         765

  Columns 109 through 117

        1203        1630         716        1179         460         935         293        1754        1541

  Columns 118 through 126

         740         517        2186         973        2010         553        1089        1878        1350

  Columns 127 through 135

        1305        1631         722         266         670         932         570        1300        1160

  Columns 136 through 144

        2075         514         887         510         702         831         519        2062         385

  Columns 145 through 153

         568        1457        1287        1339        2069        1914          42         189        1231

  Columns 154 through 162

        1571        1763        1821        1402        1515         158         581        1163        1226

  Columns 163 through 171

         221         273        1575         521        1574        2001        1119        1894         283

  Columns 172 through 180

        1145        1154          48        2281         386         216        2054        1673           7

  Columns 181 through 189

        1917        2234        1488        1141         418        1295        2143         464        1353

  Columns 190 through 198

         678        1877         458        1828        1852        1408         710         802          99

  Columns 199 through 207

        1555         989         916        1889        2044        1451        1232        1012         213

  Columns 208 through 216

        1538        1031         856        1524        1660        2164        1665         992         598

  Columns 217 through 225

        1082        1354         486        1289         444         614        1923        1663        1208

  Columns 226 through 234

        1142         988        1118         466         571         124        2082          18         164

  Columns 235 through 243

         536         827        1826         749         759        1874         619         340         638

  Columns 244 through 252

        1464         920        1124         420         732        1806        1823        1786        1184

  Columns 253 through 261

        1270         705        2140        1200         634        1939         714         994         427

  Columns 262 through 270

         893        2009        1580        1918        2261        2287        2250        2257        2209

  Columns 271 through 279

        2225        2182        2199        2148        2168        2035        2124        2007        2006

  Columns 280 through 288

        1990        1999        1963        1974        1943        1955        1715        1738        1616

  Columns 289 through 297

        1647        1552        1597        1437        1532        1212        1415        1128        1136

  Columns 298 through 306

        1006        1125         819         944         780         806         733         704         669

  Columns 307 through 315

         681         551         652         362         470         281         358         152         224

  Columns 316 through 324

          31          60         274         354          71        1892          57         718         140

  Columns 325 through 333

         788        2276         272         624        2041        1112        1993         477         375

  Columns 334 through 342

        1782         723        1662         289         512         637          82         507         588

  Columns 343 through 351

        1617         109        1429        1653         922        1199        1129        1844         245

  Columns 352 through 360

         792        1048         134        1577        2139        1427        1512         394         600

  Columns 361 through 369

        2043        2159        2108        1504         179         608        1357         853        2254

  Columns 370 through 378

        1505         903         584        1780         541         491        1635         180         341

  Columns 379 through 387

         323         671         664         632         966         883        1681        2126         269

  Columns 388 through 396

        1352         114         490        1433        1751         886         250         836        1400

  Columns 397 through 405

          53        2094         795         497         797         642        1522         782         890

  Columns 406 through 414

        1372         933        1386        1064         694        1338        2289        1251        2226

  Columns 415 through 423

        2151        2120        2141        2023        2038        1854        1992        1740        1850

  Columns 424 through 432

        1472        1554        1359        1450         630        1036         535         562         421

  Columns 433 through 441

         516         155         368          91        1336         768        1346        1156         103

  Columns 442 through 450

        1510        1213         315         888         447         501         964        2227         676

  Columns 451 through 459

         874          38         479        1193         318        2253        1621        1570        1401

  Columns 460 through 468

         640         198          28        1976        1971         865         684        1340         230

  Columns 469 through 477

         542        1152         254         343        1863        1110        2190        2247        2181

  Columns 478 through 486

        2179        1685        2113        1435        1642        1243        1380        1180        1225

  Columns 487 through 495

         955        1026         713         724         483         688        2025        1833         489

  Columns 496 through 504

         585         157        1938         674        2104         509        1770        1130        1787

  Columns 505 through 513

        1830         912        1341        2067        2014        1691        1885        1366        1480

  Columns 514 through 522

        1301        1363         953        1215         426         567         330        1343        1598

  Columns 523 through 531

        1032         246        1531        1815        1840         261        1958        1477         200

  Columns 532 through 540

         173         522        1861        1953        1479        1288        1347         993        1229

  Columns 541 through 549

         312         801         784        1434        2097        1459          11        1802        1322

  Columns 550 through 558

        1890        1272        1143        1157         744         774         115         685         319

  Columns 559 through 567

         187        2138        1883        2188         781        1609          40         544        1789

  Columns 568 through 576

        1381        1248        1028        1224         667         679         345         618         313

  Columns 577 through 585

        1639          44        2150         821        1220         623         141         526        2262

  Columns 586 through 594

        1448        2286         177         217         689        1186        1267           5         369

  Columns 595 through 603

        2246        1820        1010        2240        2145        1413         649         725        1677

  Columns 604 through 612

         399         148        2273        1424        1772         863        1773        1253        1624

  Columns 613 through 621

        2265         943         284        1155         785        1891         803        1302        1941

  Columns 622 through 630

         193         468        1315        2291         287         257         473        1611        1998

  Columns 631 through 639

        1059        1409           8        1761        2117        1558        1940        1330        1469

  Columns 640 through 648

        1269        1296        1087        1158         131         335        1682          39         951

  Columns 649 through 657

         858         902        1977        2036        1706        1676        1332        1523         996

  Columns 658 through 666

        1298         429         658          75         196          66        2283        2288        2277

  Columns 667 through 675

        2278        2263        2252        2207        2214        2202        2203        2180        2175

  Columns 676 through 684

        2134        2162        2115        2130        2078        2105        2077        2052        2074

  Columns 685 through 693

        2049        2030        2039        2022        2024        1987        2020        1975        1981

  Columns 694 through 702

        1954        1957        1931        1930        1922        1929        1913        1920        1884

  Columns 703 through 711

        1887        1875        1870        1832        1855        1810        1813        1784        1800

  Columns 712 through 720

        1783        1775        1749        1730        1732        1729        1717        1719        1711

  Columns 721 through 729

        1704        1692        1700        1666        1668        1640        1645        1573        1623

  Columns 730 through 738

        1537        1550        1499        1520        1486        1496        1466        1478        1456

  Columns 739 through 747

        1460        1423        1447        1417        1376        1412        1369        1399        1348

  Columns 748 through 756

        1310        1313        1263        1290        1242        1261        1204        1198        1153

  Columns 757 through 765

        1173        1144        1150        1109        1127        1095        1099        1076        1078

  Columns 766 through 774

        1047        1049        1022        1044        1016        1017         984        1015         930

  Columns 775 through 783

         979         901         924         876         900         859         872         839         843

  Columns 784 through 792

         833         834         814         820         807         813         766         804         761

  Columns 793 through 801

         762         734         736         687         720         644         646         606         610

  Columns 802 through 810

         603         604         599         602         580         595         574         534         505

  Columns 811 through 819

         508         474         485         463         465         445         451         437         438

  Columns 820 through 828

         416         430         406         410         367         374         347         366         294

  Columns 829 through 837

         337         242         264         234         236         205         214         194         199

  Columns 838 through 846

         168         190         133         151         107         110          76          81          59

  Columns 847 through 855

          65          49          56          23          47           6        1102        1678        1946

  Columns 856 through 864

         267         729        1321          52        2192        2147        1444        1795        2238

  Columns 865 through 873

         202         586        1081          17         405         121         636         436        2215

  Columns 874 through 882

         945        1394        1796        1788         279        1982        1283         552        1513

  Columns 883 through 891

        1613        1779        1615         601        1217        1518         390         790         870

  Columns 892 through 900

         829         182        2248        1897         215        1817         403         130        1818

  Columns 901 through 909

        1393        2275        2274          33        1549          84         137        1866         453

  Columns 910 through 918

         929        1403         240        1073        1319         149          77        1525         493

  Columns 919 through 927

        1907        1297        1905         660        1701         226          30         360         380

  Columns 928 through 936

         203        2193        1303        1192        1449         755        1476         449        1858

  Columns 937 through 945

        1979        2137         871        2017        1108         908         811         529         545

  Columns 946 through 954

         171         255          25         520        2171        1952        1421        1865        1425

  Columns 955 through 963

         895        1716        1801        1461         440         389        1097         336         629

  Columns 964 through 972

        1592        1483         132         329        1292        1053         118        1569         302

  Columns 973 through 981

        2063        1137        1211        2093        2029        2160        1620         357        1176

  Columns 982 through 990

           3        1120        1286          61        1670        1485        1560        1766        1664

  Columns 991 through 999

        1405        1035         425        1262        2073         387        1618        1471        1839

  Columns 1000 through 1008

        1259         502        1507          97        1545         259        1146        1769        1135

  Columns 1009 through 1017

         727         178         661         917        1398         308         113        1964        2100

  Columns 1018 through 1026

        2045        1309        2021        1996         120        2177        1397        2101         496

  Columns 1027 through 1035

         983        2053        1317         378         844         469         407         999        1337

  Columns 1036 through 1044

        1921        1260          50        2200          55        1195         105         322        1284

  Columns 1045 through 1053

         851         432         573         961         161         659         612        2032        1328

  Columns 1054 through 1062

        2229         683        1785        1069        1936        2222        1886        2128        1842

  Columns 1063 through 1071

        1603        1829         707        2119        1367        1644         653        1589         826

  Columns 1072 through 1080

         175        1831        1335        1516        1256        1628        1171        1255         413

  Columns 1081 through 1089

        1209        1075        1052         139        1116        1161         239        1994         948

  Columns 1090 through 1098

         100        2211         129         911         913         986         837         352         972

  Columns 1099 through 1107

         818         532         503         169          88        1888        2156        1553        1684

  Columns 1108 through 1116

        2158         286         974        2089        2187         237        2167        2213        2166

  Columns 1117 through 1125

        2114        2058        2103        1915        1965        1895        1901        1838        1851

  Columns 1126 through 1134

        1822        1811        1748        1758        1737        1743        1735        1694        1721

  Columns 1135 through 1143

        1646        1607        1643        1527        1599        1526        1443        1422        1440

  Columns 1144 through 1152

        1333        1351        1237        1299        1210        1233        1107        1202        1058

  Columns 1153 through 1161

        1105         976         921         925         889         897         877         783         815

  Columns 1162 through 1170

         657         770         643         645         607         611         555         594         419

  Columns 1171 through 1179

         513         383         395         282         327         271         280         227         238

  Columns 1180 through 1188

         122         186          64          90        1282         208        1453         625        2174

  Columns 1189 through 1197

        1767         708        1266         172         950        1320        2259        1757        1121

  Columns 1198 through 1206

         546        1556         305         798         492        1090        2102        2076        1586

  Columns 1207 through 1215

         342          96         915        1388         456         123        1054        1465        1177

  Columns 1216 through 1224

        1924        1594        1068        2172         249        1564        1805         252        1165

  Columns 1225 through 1233

         163        1358        1845         639         309         320        2269         991        1528

  Columns 1234 through 1242

         209         412        1896         662        1562        2003        2165        1396        1659

  Columns 1243 through 1251

         885        1650        1139         709         543         631        1634        2090         102

  Columns 1252 through 1260

         873        1101        1625         307         763         959        1276         392        1591

  Columns 1261 through 1269

        2019          19         298         125         439        1857        1045        2146        1637

  Columns 1270 through 1278

         717         960         620         641         162         523        2048         907        2220

  Columns 1279 through 1287

         860         112         295         481        1498         832         487         495        1083

  Columns 1288 through 1296

        1669          54        1614        1501         253         995        1088        1713        1174

  Columns 1297 through 1305

         325        1038         628        1426         268         882        1812        1542         743

  Columns 1306 through 1314

        1834         958         334        1760        1080         183         569        1500        1585

  Columns 1315 through 1323

        1726         698        1326        1869        1445        1416        1566        2144        1207

  Columns 1324 through 1332

        1509         159        1345         842         656        1265        1671         896          41

  Columns 1333 through 1341

         750        2266         621         777        1948        2127        1245        1824        1324

  Columns 1342 through 1350

         471        1342        1602        2059         741         101         719         866        1675

  Columns 1351 through 1359

        1383         847        1206        1629        1001        1438         767        1568         414

  Columns 1360 through 1368

        1166         328        1147         219         738         117         695        1117         478

  Columns 1369 through 1377

         849         398         363         170         396         370         391          27          87

  Columns 1378 through 1386

         231         878        2064        2233        2185        2133        1793        1908        1497

  Columns 1387 through 1395

        1781        1458        1702        1228        1475        1009         408         448         296

  Columns 1396 through 1404

         276          67         223           1         222        1005          36        1168         582

  Columns 1405 through 1413

        1517         455         673           2         373        1214        1356        1442        1410

  Columns 1414 through 1422

        1559         880        1652         174         699        2037         706        1114        2201

  Columns 1423 through 1431

        1747        1436        1066        2272        1530        1070         617        2290         333

  Columns 1432 through 1440

        1695        1285         454        2264         576         265        1122          68         138

  Columns 1441 through 1449

        1723        2031         365        1622        1503         862         566         591         565

  Columns 1450 through 1458

        1825        1720        2232        2155        2224        1331        1724         275        2282

  Columns 1459 through 1467

         563        2121        2153         461        1604        1862        1656        1728         558

  Columns 1468 through 1476

        1807        1308        1273         769         758         116        1314        1030          85

  Columns 1477 through 1485

         745         940         970         364        1291         752        2178         167         300

  Columns 1486 through 1494

        2197        1140         361        2028         682        1809        1407         835        1689

  Columns 1495 through 1503

        1079         927        1567        2079        2217        1474        1576         919         823

  Columns 1504 through 1512

         910        1280         796         605         794         154         376        2081         382

  Columns 1513 through 1521

         176        1205         146        1185         377         593          13         518        1061

  Columns 1522 through 1530

        1688         488        1051         446         655        2235        1835        2216        1731

  Columns 1531 through 1539

        2099        1687        1937        1686        1698        1236        1654        1201        1563

  Columns 1540 through 1548

        1178        1241        1115         987        1024         854         764         303         539

  Columns 1549 through 1557

         184         204         306        1535        1872        1709        1034        1581        1055

  Columns 1558 through 1566

        1149          10        2116        1600        1387        2161        1925        2013        1182

  Columns 1567 through 1575

        1790         697         875         808        1841         675         435        1104        1446

  Columns 1576 through 1584

          26        1690        1490        1167         748         975        1316        2068         848

  Columns 1585 through 1593

         864          43         622        1311         962        1935        1473         210        2055

  Columns 1594 through 1602

        2066        1595        1661         431        2096         127         235        1672          93

  Columns 1603 through 1611

        2231        1191        1798         251         879        2123         506         462         969

  Columns 1612 through 1620

         428        1183         326          83         840        1746          94         668        2026

  Columns 1621 through 1629

        1734         968         980          73        1181         197        1420          51        2242

  Columns 1630 through 1638

        1385        1601         136         906        1086         557         650         433        1989

  Columns 1639 through 1647

         192         285         597        2080        2149        1506        1626        1411        1430

  Columns 1648 through 1656

        1258        1304        1238        1091        1037        1065         867         869         805

  Columns 1657 through 1665

         816         739         737         583         616         404         484         290         314

  Columns 1666 through 1674

         232         270           4          58         443        1950        1234        1797        1439

  Columns 1675 through 1683

        1904        1633         949         339        1962        2260        1578        1379         476

  Columns 1684 through 1692

         956         144        2223         220        1753        1275        2087        1868         332

  Columns 1693 through 1701

         459         111        1419          16         423        1985        2284        2018        2098

  Columns 1702 through 1710

          45        2142          70        1956          14        1239         467         692         525

  Columns 1711 through 1719

        1882        1294        1098         846        2070        1040         291         537        2042

  Columns 1720 through 1728

         672        1027        1988         324        2267        1441        1707        1004         218

  Columns 1729 through 1737

          12         434        1222         547        2244         693        1898          34         299

  Columns 1738 through 1746

        1880        2198        1980        2091         422         981        1582        1959        1164

  Columns 1747 through 1755

        1077         578         700         201         381          24         153        2118         686

  Columns 1756 through 1764

        1973        1657         787        2221        1814        1703        2107         952        2206

  Columns 1765 through 1773

         825         772         985        1502         942        1710         350         233        1050

  Columns 1774 through 1782

        1968        1484        2129          92        1583        1138          95         191         278

  Columns 1783 through 1791

        1584        1879         400        1561        1126         830         359        2051         998

  Columns 1792 through 1800

         579        1972        1755        1756        1867        2268        2255        1011        1750

  Columns 1801 through 1809

         809        1638        1293          74        1431        1606        2208        1641         397

  Columns 1810 through 1818

         963         590        1612         914        1389         690         344        1092         824

  Columns 1819 through 1827

        2170         185        1778        2106        1133        1489         771         135        1945

  Columns 1828 through 1836

        1190         909        2218        1744         654        1714        1667        2189        1103

  Columns 1837 through 1845

        1334        1683        1533         248        2157         892        1967        1718         560

  Columns 1846 through 1854

        1349         572         538        1536        1162         393         528        1148         891

  Columns 1855 through 1863

         530         311        1378          32         647        1019        2004        1395        1986

  Columns 1864 through 1872

        1547         635         703        1491        2040         206        1223        2219        1277

  Columns 1873 through 1881

        1329         822         967         680        1244        2169        1216        1039         696

  Columns 1882 through 1890

        1020        1230        2111        1983         108        1843        1382        1909        1674

  Columns 1891 through 1899

        1752        1375        1944        1029         838        2136          69        2057         665

  Columns 1900 through 1908

        1969        1169        1194        1023        1056         928        1708        1100         263

  Columns 1909 through 1917

        1949        2212         648        1991        2112        1764         997         712         845

  Columns 1918 through 1926

         596        1725         776        1159        1572         372        1094         475        2088

  Columns 1927 through 1935

        1106        1274         735         793         651        1455        2071        2047        1893

  Columns 1936 through 1944

        1903         156         934         613         760        2245        2016        1579        1370

  Columns 1945 through 1953

         946         262         355         587         524         417        1655        1247         977

  Columns 1954 through 1962

        1188         711         852        2095        2173          62        1776        1529        1392

  Columns 1963 through 1971

        2000        2152        1910        1590        1771        1970        1391        1060         592

  Columns 1972 through 1980

         786         549        1428         701         556        1544        1539        1046         104

  Columns 1981 through 1989

        1482        1071         540        2084        2270        1762        1355         356        1605

  Columns 1990 through 1998

         564        1307         351        2163        2176        1819         128         424        1791

  Columns 1999 through 2007

         442        2015        1264        1696        2092         575         947        1175          22

  Columns 2008 through 2016

        1966        1799        1912        1508         627         472        1000        1587        1543

  Columns 2017 through 2025

        1712        1926         258        1876         411         212          63        1548        1742

  Columns 2026 through 2034

        1551        2132        1693        1794        1961         297         728        1487         926

  Columns 2035 through 2043

         857         500        2195         188        1364          78        1978        1627         633

  Columns 2044 through 2052

        1281        1018        1934        1196        1014         142         990        1864        1837

  Columns 2053 through 2061

        1470        1679        1933        1318        1406        1462         954         247         288

  Columns 2062 through 2070

           9          20        1777        2230        1278         143        1697        1494         746

  Columns 2071 through 2079

        1227         626        1360        1588        1325        1002         160         106         941

  Columns 2080 through 2088

         791        1057         317         936          72        1995        1947         775        2033

  Columns 2089 through 2097

         150        1123        1042        2135        1043        1919        1803        1927         799

  Columns 2098 through 2106

        1021        1432         861         841        1873         498          29         868        1739

  Columns 2107 through 2115

        2050        2249        2061        2204          15        1493         937        2228        1414

  Columns 2116 through 2124

        1546         828        1856         894        1540        1008        1565        1816        2002

  Columns 2125 through 2133

         379        1759        1013        2110        1072         730         721         348        1495

  Columns 2134 through 2142

          89        1849        1492        1848        1649        1481         452        1113        1312

  Columns 2143 through 2151

        1511        2196        2258        2056        2243        1221         731        1252        1344

  Columns 2152 through 2160

        2194         181          21         923         145        1254        1131         663         881

  Columns 2161 through 2169

        1250        1928        1323        1390         548         256         353        2237        1534

  Columns 2170 through 2178

         957        2236         789         899         457        2086        2131         971         978

  Columns 2179 through 2187

         691         850        1362         559        1093         533        1268        1881        1246

  Columns 2188 through 2196

        1733        1951        1467        2072        2210        1096        1808        1132        1003

  Columns 2197 through 2205

         800         905        1085        1463        1997         441        1911        1942         228

  Columns 2206 through 2214

         527         904        1306        1418        1853         402        1384        1084         939

  Columns 2215 through 2223

        1727         480        1219         482        2251         773        1374        1235         778

  Columns 2224 through 2232

          37        1593        2012         931         243          86        1651        1847         338

  Columns 2233 through 2241

         301         554         577         751        2046        2154        2271          46          98

  Columns 2242 through 2250

         147         211         277         292         304         384         609         666         677

  Columns 2251 through 2259

         753         884         918        1007        1025        1041        1063        1134        1151

  Columns 2260 through 2268

        1170        1218        1240        1271        1279        1361        1365        1373        1452

  Columns 2269 through 2277

        1454        1468        1514        1557        1596        1608        1636        1658        1745

  Columns 2278 through 2286

        1768        1774        1804        1859        1871        1900        1932        2008        2011

  Columns 2287 through 2291

        2060        2125        2205        2239        2256