Columns 1 through 8

        1978        1207        1129        2229        2004        5599        4187        1334

  Columns 9 through 16

        5645        2912        2197        4789         243        5375        2296        3440

  Columns 17 through 24

        2015        2372        1814        2455        3797        4788        4205        3401

  Columns 25 through 32

         737        5264        3139        5127         144        4141        3055         506

  Columns 33 through 40

        4325        4035        1647         587        5117        5176        3268         995

  Columns 41 through 48

        3666        4516        3249        2425         845        2071        2819        4094

  Columns 49 through 56

        1286        1049        3723         750        2412        3828        1379         669

  Columns 57 through 64

         568        2873        3789        3748          68        3917        4277         712

  Columns 65 through 72

         336        1285        2284        1112         516        2219        4872        4708

  Columns 73 through 80

        4533        1662        3629        3773        5425        3326        5558        4875

  Columns 81 through 88

        1495        3470        4817         585        1642        4017        3258        2433

  Columns 89 through 96

        4532        4086        1504        3830         791        4045        5235        1015

  Columns 97 through 104

        3560        1824         525        2985        5002        2761        2500        3627

  Columns 105 through 112

         234        3989        2718         513        4071        3754        5575        1800

  Columns 113 through 120

        1444        1053        5503          19        1991        5322        2560         958

  Columns 121 through 128

        3434        4406        4089        4876         547        1304        4500        1316

  Columns 129 through 136

         739        3253         375        5659        4126        5550        3966         668

  Columns 137 through 144

        3590        4291        1035        1082        4469        1705         498        4968

  Columns 145 through 152

        1673           5        3334        2320         946        3842        1470        2520

  Columns 153 through 160

        3951        4000         307        3492        4576        2845        3536        3863

  Columns 161 through 168

        5224        2667          98         325        5206        4038        2962         773

  Columns 169 through 176

        1556        2220        2787         390        4899         420        5280        4177

  Columns 177 through 184

        4407        4957        5339        1626        2575        2430        2882        3089

  Columns 185 through 192

        3764        4792        2135        4231        4468        2442        3984        4273

  Columns 193 through 200

        1776        3884         142        3978         844         235        2012        1980

  Columns 201 through 208

         463        1944        1230        3317        4642        1183         843        3711

  Columns 209 through 216

        4960        1582         380        1555        3003        1544        2558        2158

  Columns 217 through 224

        3907        5258         886        2485        3499         599         152         810

  Columns 225 through 232

        2526        5252         868        4687        2968        1091        1926        3432

  Columns 233 through 240

        1949        1187        5144         872        4842        1414        2588         763

  Columns 241 through 248

        4944        4152          27         330        2323        2143        4095        1188

  Columns 249 through 256

        4853        3121        1896        4452        3885           3        2790        1199

  Columns 257 through 264

        2230        3093         225        1250        4801        1144        3071        3551

  Columns 265 through 272

        3751        1184         557         933         774         528        1275        1958

  Columns 273 through 280

        3041        4772        1589        3728         584         865         555        4769

  Columns 281 through 288

        1408        3190          58        5708        1726        2006         592        5039

  Columns 289 through 296

        5583        4851         338        3445        3835        4827         224        5482

  Columns 297 through 304

         672        1672        4352         262        5642        3116        4745        4511

  Columns 305 through 312

        1665         168        4332        5411         272         401        3535        2178

  Columns 313 through 320

        2722        1620          66        3403        2060        2842        2478         252

  Columns 321 through 328

        1862        4482        1748        2782        4575         358        2577        4426

  Columns 329 through 336

        5175        1435        4318        5632         373        3871        5346        1236

  Columns 337 through 344

        4800        3533        4269        4977        5499        4674         162        1429

  Columns 345 through 352

         439        1572        3865        5568        1020         477        4776        2938

  Columns 353 through 360

        1502          81        5384         161        3834        3037        3771        2617

  Columns 361 through 368

        4636        3690        4698        4415         305        5296         637        2751

  Columns 369 through 376

        3074        2090        2679        5046        1440        3912        1960        2128

  Columns 377 through 384

        5607        2427        3360        5108        2243        2869        5263        4949

  Columns 385 through 392

        1639        2434         663         293        3314        1499         673        1385

  Columns 393 through 400

        1712        2092        2653         540        3474        3756        1922         999

  Columns 401 through 408

         490        3133        2876        2677        4117        2518        3918        5574

  Columns 409 through 416

        3980        2877        3094        2604        1948          18        5318        4767

  Columns 417 through 424

         219        2360        3620        5131        2064        4310        5507        4058

  Columns 425 through 432

        5494        3757        5464        5228         356        2567        5628        2874

  Columns 433 through 440

         937         890        3480        3095        1247        1668        2398        1078

  Columns 441 through 448

        4026        1565        1730         627        4444        1685        1778        5087

  Columns 449 through 456

        3210        2392        4484        5531        4460        1178        3312        1946

  Columns 457 through 464

        5393        4567        5463        4073        3271        5738        2306        4331

  Columns 465 through 472

         928         280        3795        3782        4112        1484        5750         113

  Columns 473 through 480

        1867         447        2074        5038        5479        1592        3532        1208

  Columns 481 through 488

        3331        3315        5123         906        1094        1738         482        5092

  Columns 489 through 496

        3478         151        2341         408        1607        2147        3819        3099

  Columns 497 through 504

         333        5146        3110        5040        5477         257        4994        4107

  Columns 505 through 512

         543        5755        5112        4884        2051        4972        5035        3750

  Columns 513 through 520

        4081          40        5197        2931        2343         559        4320        1700

  Columns 521 through 528

        1050        5342        3565        5627        3793        5389        2904        2503

  Columns 529 through 536

        3638        4641        2140         953        4202        3939         269        1395

  Columns 537 through 544

        4455        3327         662        5024        3844        2606         619        3511

  Columns 545 through 552

        4037        1868        2461        3441         125        4343        2921        5598

  Columns 553 through 560

        3513        2181        3734        1146         565        3976        2973        1829

  Columns 561 through 568

        4973        1593         304        4545        2382        2185        5239        2536

  Columns 569 through 576

        5734         340        1021        4766        2941        5634        4356         418

  Columns 577 through 584

        2029        1717         911        1881        1258          82        2866        3698

  Columns 585 through 592

        5594         938        4390        2266        2371        1211        3245        1490

  Columns 593 through 600

         566        1974        5488         397        1610        3228        3177        3814

  Columns 601 through 608

        4350         963        5448        1421        4490        4738        1077        5537

  Columns 609 through 616

        2943        1133        2470        1604        1831        2332        3569        5724

  Columns 617 through 624

         742        1841        1889        3476        5053        4007         685        5221

  Columns 625 through 632

        5435        1676        1085        3986         710        3204        1095        3566

  Columns 633 through 640

        1846         392        1684        4733        1158         984        2066        3820

  Columns 641 through 648

        2050        3710        5711         758         160        5420        5619        3938

  Columns 649 through 656

        1759        4981        4459        3389         596        1238        4821        4189

  Columns 657 through 664

        1660        4751        4169        1531        3336        5600          93        3265

  Columns 665 through 672

         757        4514        2224        3854        2281         961        4908        4985

  Columns 673 through 680

        3227        1530        1882        4213        1328        4664        4357        2857

  Columns 681 through 688

        5126        4412        1165        4372         194        4846        5458        2798

  Columns 689 through 696

        4409        2464        3725        2188         720        5098        5563        3267

  Columns 697 through 704

        2094        2743        2774        1037        5142        3239        3080        5552

  Columns 705 through 712

        1851        3763        2271        4678        5177        5188        1458        4366

  Columns 713 through 720

        1694        4696        1220        2521         141        3815        1437        4760

  Columns 721 through 728

        2044        5072        1775         798        5139         244        2318        1018

  Columns 729 through 736

         430          87        5213         167        2241         605        4016         476

  Columns 737 through 744

        1190        1564        5227         570        4025        3328        5299        1938

  Columns 745 through 752

        1906        1488         508        1054        1344        3409        3413        1278

  Columns 753 through 760

         569        1373        5105        1415        4704         684        2615        1688

  Columns 761 through 768

        1412        1937        5412        1628        1697        5170        2545        2499

  Columns 769 through 776

        2417         600        5319        3693        4176        4661        3303         282

  Columns 777 through 784

        3600          13        5483        4288        1795        3785        3213        4720

  Columns 785 through 792

        2650        1768         554         943        3920        5292        3002        3875

  Columns 793 through 800

        1493        5496         146        1898        1111        4690         732        5579

  Columns 801 through 808

        3558        4928        5534        3674        4283        4378        3643        5422

  Columns 809 through 816

        3970        1525        3052        5728         533        1955        3607        3981

  Columns 817 through 824

        3919         473        3211        5157         536        5078        3897        3913

  Columns 825 through 832

        2908        4134        5141        3088         754        3191         777        4862

  Columns 833 through 840

        3140        3982         556        5717         590        2446        4004        4314

  Columns 841 through 848

        2620        3256        1367        4096         366        2444        1277        1309

  Columns 849 through 856

        4682         986        2919        3776        3677        1585        3392        4436

  Columns 857 through 864

        5440        2806          83         209         445        4755        1873         952

  Columns 865 through 872

        5147        2347         598         805         353        4434        1252        3615

  Columns 873 through 880

        3455        2410        2889        3119        4950        5476        3739        4068

  Columns 881 through 888

        3464        2142        3395        4228        3418        4093         697        2168

  Columns 889 through 896

        1314        1195        5007        2523        3230        3289        2239        1242

  Columns 897 through 904

        2514        3799        4087        1629        4619        2061        4799        2353

  Columns 905 through 912

         690        4781        5442        5220        2025        2100          22        4190

  Columns 913 through 920

        1260        3796        3169        2116        3155         383         139        1390

  Columns 921 through 928

        4936        5453        1893        3487        5214        4897        4108        4879

  Columns 929 through 936

        2137        5745         485         862        4623        5311        2295        3857

  Columns 937 through 944

        2859        2854        2579        4418        1815        1762        2999        4560

  Columns 945 through 952

        3504        3181        3576        5457        4552        3032        2026        5226

  Columns 953 through 960

        1844        2123        1360        3969        4382        1961        4782        2336

  Columns 961 through 968

        2316         717        2862        1073        2561         817        3304          64

  Columns 969 through 976

        2598        2402        4764        2967        4530        2711         537        2586

  Columns 977 through 984

        5260         551        4078        5749         944          97        3636         602

  Columns 985 through 992

         730        4967        3510        4304        3473         695        1878        4632

  Columns 993 through 1000

        3122        5109        1088        1386        5377         914           2        2228

  Columns 1001 through 1008

        1780         885        2432        2287        2165        3469        3017        2902

  Columns 1009 through 1016

         275        5262        5218        1442        3000         936        3174        5195

  Columns 1017 through 1024

         284         184        2611        1163        3845        1028        1534        2663

  Columns 1025 through 1032

        1899         326        3833        5695        1985        4531        2112        3598

  Columns 1033 through 1040

        4635          90        2812        5590        2688        3354        4716        3347

  Columns 1041 through 1048

        4611        4813        3467        5269        4307        4311        3159        3299

  Columns 1049 through 1056

        3746        1472        2933        3396          56        4595         736        1006

  Columns 1057 through 1064

        1838        3092        1213        5730        5516         295        5022        5394

  Columns 1065 through 1072

        1134        4609        4978        3466        3364        2238        4670        3161

  Columns 1073 through 1080

        2257        5650        3949         403        2328        5114         254         229

  Columns 1081 through 1088

         518         529        3950        5397        5363        2810        5314          76

  Columns 1089 through 1096

         108        1427        4786        1119        1849        4172        4743        5203

  Columns 1097 through 1104

        2815        5597        3889         666        4088        1349        4102        2966

  Columns 1105 through 1112

        4214        1167        4207        5331        2678        3622        5151        5491

  Columns 1113 through 1120

        1526        3352        1999        2901        4042         149        3479        3772

  Columns 1121 through 1128

        3631        4549         718        3005        3623         414        3123        3687

  Columns 1129 through 1136

        5090        4298        4041        5349        4777        4599        1735        2875

  Columns 1137 through 1144

         450        4941        1576        1643         616        2422        2501        4581

  Columns 1145 through 1152

        4579        3973         874        5093        5720        4922         775        5474

  Columns 1153 through 1160

         292        1176         496         962        3377        2732        4683        4449

  Columns 1161 through 1168

         309        2684        4060        2105         861        1117        3311        1453

  Columns 1169 through 1176

        4432        5616        2078         604        1029         470        2314        4819

  Columns 1177 through 1184

         949        3024        3387        3531        1003        3727        3072        1274

  Columns 1185 through 1192

         156        1509        1378        5150        3143        2907        1145        3390

  Columns 1193 through 1200

        4337        1619        2951         245        1835        2381        2952        4301

  Columns 1201 through 1208

        2451        2155        5334          60        2917        5541        2786         101

  Columns 1209 through 1216

         708          31        4726        5340        1595        1042        3774        2300

  Columns 1217 through 1224

        4565        1027          11        3167        2741        5560        2278        1657

  Columns 1225 through 1232

        3557        4515        3272        3297        4802         863         969         413

  Columns 1233 through 1240

        3070        2970         435        3282        5152          63         532        4925

  Columns 1241 through 1248

         808        2583        1048        3738        2944         465        1682         205

  Columns 1249 through 1256

        1228        4275         289         859        5180         121        4959        4353

  Columns 1257 through 1264

        2192        4871        2828        1847        1733         892        1070        3514

  Columns 1265 through 1272

        1704        2321        2007          54        2988        1722        2337         639

  Columns 1273 through 1280

        5329        1590         987        3124        4970         426        3497        2759

  Columns 1281 through 1288

        5678        3376        2170        1041        4097        2515         109          24

  Columns 1289 through 1296

        4955        4982        1597         203        4021        3468          26        3065

  Columns 1297 through 1304

        2001        2841        5173        2614         264        1194        1376        1436

  Columns 1305 through 1312

        2401        4328        5401        1731        1877         651         303        2200

  Columns 1313 through 1320

        1943        4210        4592        3858        2017        4765        1928        2860

  Columns 1321 through 1328

        1914         680        3548        2240        3632        1895        4427        1064

  Columns 1329 through 1336

        3048        3457        1413        4528         691        1931        5162        3082

  Columns 1337 through 1344

        1462        1633         816        2405        1123        4278        4090        5362

  Columns 1345 through 1352

        3494        1480        2553         489        2279        1441         767        1732

  Columns 1353 through 1360

        2086         631        5277        4518        3788        5495        3840        2495

  Columns 1361 through 1368

        2830         271        1013        1573        4731        3054        3962        1918

  Columns 1369 through 1376

        5050        4170        1777        1554        1929        4852        2681        4963

  Columns 1377 through 1384

        4770        3602        1483        1121        3346        3876        2494        3959

  Columns 1385 through 1392

        2609           7        4405        1936        5166        5520        1221        4344

  Columns 1393 through 1400

        4829        1443        1927        5014        1535          14        4111         818

  Columns 1401 through 1408

        5345        3198        5707         192        2469        4342        2335        2059

  Columns 1409 through 1416

        4520        2689        5288        3703        3130        3006        3073        2065

  Columns 1417 through 1424

        4359        4371        1518        1491         654        1051         771        1856

  Columns 1425 through 1432

        3209        4643          37         300         214        3908        2171        3109

  Columns 1433 through 1440

        1578        2345        2972          51        2232         838        3412        2377

  Columns 1441 through 1448

        5196         494        3537        3380        5544        1342        4165        2946

  Columns 1449 through 1456

        2145        1157         474        2639        3222        3355        2091        2776

  Columns 1457 through 1464

        4546        3779         929        1587        2619        3220        3214        2715

  Columns 1465 through 1472

        1107        4394        3997        2468        2918         158        4578        1288

  Columns 1473 through 1480

        5423        3618        1879          88        5270        3977         352        3715

  Columns 1481 through 1488

        4234        3231         702         320        2562        3608        4939        5154

  Columns 1489 through 1496

        5348         421        4839        2183        1341        3927        3667        3749

  Columns 1497 through 1504

        2683        2097        2891        4662         479        4935        1528        3914

  Columns 1505 through 1512

        3732        3166        2379        3644        5741         238        1306        4166

  Columns 1513 through 1520

        3084        3822        2186         147        3189        5391         910        3691

  Columns 1521 through 1528

        3929        3193        1902        3150        4921        5374        4181         270

  Columns 1529 through 1536

        2510        4706        3425          32        2403         834        1536        1025

  Columns 1537 through 1544

        1283         416        1096         351        4192        4860        2594        3131

  Columns 1545 through 1552

        4237        2565        2045        3384        5525        5278        1057        4523

  Columns 1553 through 1560

         231         784        4150        1359        3606        1653        1481        5041

  Columns 1561 through 1568

        1894        4248        1559        1351        1261        5687        2081         759

  Columns 1569 through 1576

        5668        5070        3001        2657        4008        2930         706        1433

  Columns 1577 through 1584

        5452        2775         386        2213        4583        2884        1271        2028

  Columns 1585 through 1592

        4768        3990        4392        3105          21        1714        1393        3800

  Columns 1593 through 1600

        2369        5300        4535         175        2344         792          12         655

  Columns 1601 through 1608

        2712        3062        5509        4754        3807        3637         951         769

  Columns 1609 through 1616

        4430        3671        2576        2223         360        3083        5153        4826

  Columns 1617 through 1624

        4993        2087        2864        4012         436        1891        4113        3903

  Columns 1625 through 1632

        4688        3285        5134         174        1832         866        5445        1229

  Columns 1633 through 1640

        2797        4891         625        3856        4602        5718        4685         126

  Columns 1641 through 1648

        4771        5712        2695        2760        4600         621        1703        5044

  Columns 1649 through 1656

        4735        2032        4702        1727        3528        5183        2720        5310

  Columns 1657 through 1664

        4147        1126        2491        4866        5700        3046        2740         423

  Columns 1665 through 1672

        3120        2445        5253         409         632        4906        4384         507

  Columns 1673 through 1680

         314         586         251         748        3138        1915        5672        4608

  Columns 1681 through 1688

        4296        3983        3611         629        2850        5350        5215         856

  Columns 1689 through 1696

        3955        4023        3058        5023         608        2508        4550        2867

  Columns 1697 through 1704

        2039        5648         776        1301         893        1464        2716        3443

  Columns 1705 through 1712

        5186        2910        3194        4438        5062        5444        1110        2703

  Columns 1713 through 1720

        2480        1866        1093        1336        3941        3023        4758        3301

  Columns 1721 through 1728

        2865        2765        3477        5145        2113        4200        2540        3051

  Columns 1729 through 1736

        3205        5191         766        1883         288        2524        3705        3824

  Columns 1737 through 1744

        3324        3056        5585        2570        1039        4887        3033        1890

  Columns 1745 through 1752

        4537        3664        2849        2272        4218        4536        2983        2608

  Columns 1753 through 1760

          16        3011        3292        5132         921        2003        4880        3372

  Columns 1761 through 1768

        4285        1475        2550        4138         425        3599        3538        4018

  Columns 1769 through 1776

        2986        4387        4326         187        5006        2356        1131        2175

  Columns 1777 through 1784

        1864        3112         437        2008        4411        3925         842        3542

  Columns 1785 through 1792

        4784          55        3724        3567        5133        3462        4798        4232

  Columns 1793 through 1800

        3985        5478        5528        5103        1859        1623        1663        4739

  Columns 1801 through 1808

        1449        5337        1591        1324         451        5068        1500        4847

  Columns 1809 through 1816

        1551        3450        2629         721         707        1353        5136        4903

  Columns 1817 through 1824

        5519        5047         202        2098        3545        5395        1617        4443

  Columns 1825 through 1832

        2173         321        4753        5205        4854        1200        2429        3991

  Columns 1833 through 1840

        1179         801        5620        1172        2928          75        1649        4737

  Columns 1841 through 1848

        1043         131        4501        4186        3332        2913        2144        1529

  Columns 1849 through 1856

        2452         652        1594        3333        5004        3915        2020        1113

  Columns 1857 through 1864

        5623        1570        3313        4360        4453        2868        1872        3742

  Columns 1865 through 1872

        2800        3423        3164        2578        2593         733          72        5033

  Columns 1873 through 1880

        4649        1692        5356        3344         990        2949        2591        1479

  Columns 1881 through 1888

        2959          39         544        5739        4940        3659         977        5128

  Columns 1889 through 1896

        1398         577        4746        4104        3266        3490        4091         945

  Columns 1897 through 1904

        4986         727        5222         870        4052         797        1114        4014

  Columns 1905 through 1912

        3861        4945        4367        4742        4312        3298        3639         558

  Columns 1913 through 1920

        1503        5527        5546         656         811        2125        2176        2661

  Columns 1921 through 1928

        3383        1913        3948        4215        4115        2626          80         371

  Columns 1929 through 1936

        3100        5099         926        2977         189        4441        1964        2359

  Columns 1937 through 1944

        1920         107        5135        3940         806        3543        5140        2263

  Columns 1945 through 1952

        2289        2089        4916        4132        1330        2700        5366        4308

  Columns 1953 through 1960

           1        1101         819        3454        3812        5097        5064         645

  Columns 1961 through 1968

         237        2479         825        1798        1596         456        2835        5449

  Columns 1969 through 1976

        4937        3176        1741        4198         658        5502        4289        3517

  Columns 1977 through 1984

         359        2935         464         965        2648         858        2995        1405

  Columns 1985 through 1992

         908        1843        1496        4627        2346        3958        2589        5703

  Columns 1993 through 2000

        2532        1734        1691         837        1225        2670        3852        5371

  Columns 2001 through 2008

        5231         347        4589        4815        5079        1792        4377        3437

  Columns 2009 through 2016

        5710        1826        4823        4645        3068        2538        2729        4103

  Columns 2017 through 2024

        4028        3484        2945        4057        1661        2083        3038        4675

  Columns 2025 through 2032

        4836        1308         459        3308        2435         211        3019        5276

  Columns 2033 through 2040

         907        3647         104        5335        5586         335        2789        3680

  Columns 2041 through 2048

         787        5581        2179        1721        5631        1600         793        2370

  Columns 2049 through 2056

        4811        1940         343         422        5424         546        2291         860

  Columns 2057 through 2064

        4064        5094        4668        4538          95         931        3212        2981

  Columns 2065 through 2072

        5121          67         902        3678        1689        1296        1104        4615

  Columns 2073 through 2080

        3444        2363        3879          89         993        3010        5540        1406

  Columns 2081 through 2088

        1966        4250        1602        4440        1380        4276        4347        4119

  Columns 2089 through 2096

        2528        4778        5246        1907        2280        4182        2195        4168

  Columns 2097 through 2104

        4056        4389        4849        3612        5373        4140        2551        2367

  Columns 2105 through 2112

        4462         948        5446        4466        4927        2104         323         170

  Columns 2113 through 2120

        4495        4199         693        2672        1606        2801        5118        5027

  Columns 2121 through 2128

        4336        2441        1487        2054        2687        1924        2976        3540

  Columns 2129 through 2136

        3060        3200        4999        1010        5415        3575        5101        2861

  Columns 2137 through 2144

         904        4571         454        5742        2710        2552        3694         169

  Columns 2145 through 2152

        5212        3076        4044        2644        2816        2998        3113        5428

  Columns 2153 through 2160

         223         734        4419         159        4626        4497        5608        5106

  Columns 2161 through 2168

         780        4763        4660        4640        4946        2119        4797        5201

  Columns 2169 through 2176

        3031        5160        2474        3153        4508        3683        4106        2872

  Columns 2177 through 2184

        2459        3923         226         997        1298        4049        3761        5500

  Columns 2185 through 2192

        3731         166        3595        4730        1799        1750        2780         290

  Columns 2193 through 2200

        1322         124         575        4700        2472        5063        1135        2539

  Columns 2201 through 2208

         438        4713        1193        1624        2916        5369        4543        1598

  Columns 2209 through 2216

        3097         812        2625        4109        4033        5536        1897         363

  Columns 2217 through 2224

        2595         686        4105        2618        2738        2264         398        2208

  Columns 2225 through 2232

         346        1855        4204        3117        3657        1068        1130         298

  Columns 2233 through 2240

        5232         448        2682        5725        5493        3151        1219        5611

  Columns 2241 through 2248

         988        2975        5696        4163        1205         388        5706        2365

  Columns 2249 through 2256

        3021        3356        1338        4131        4828        3202        3255        4450

  Columns 2257 through 2264

         441        5388        1143        4699        4701         377        3276        2823

  Columns 2265 through 2272

        4618        2099         909        1300        5392        4425        2791        5487

  Columns 2273 through 2280

          46        2762        1372        3616        1821        1105         864        4398

  Columns 2281 through 2288

        5016        1045        1994         368         583        5410        2954         433

  Columns 2289 through 2296

        3226        3516         297        4456        2079         561        1032         434

  Columns 2297 through 2304

        1369        5589        2421        4542        1515        2671        2781        2114

  Columns 2305 through 2312

        1272        4340        2507         411        3872        4076        5045         760

  Columns 2313 through 2320

        2544        4031         548        3658        3485        4547        3135        5376

  Columns 2321 through 2328

        3305         678        5651        4761         328        3291        1086        5526

  Columns 2329 through 2336

        3685        1276        3199         711         876         502        2453        2068

  Columns 2337 through 2344

        4845        4124        3778         241        1543        4834        2205         624

  Columns 2345 through 2352

        4429        2288        4072        4869        1264        1566        1192        3821

  Columns 2353 through 2360

        1497        1840        1030          59         878        2770        1621         106

  Columns 2361 through 2368

        1280         597        4256        3866         607        4179        2692         579

  Columns 2369 through 2376

         178        3874        1909         689        5595        1729        5752        3438

  Columns 2377 through 2384

        1127        3402        3934        2777        3259        2883         431        3452

  Columns 2385 through 2392

        4663        4361         709         475        2736        2713        1998        1062

  Columns 2393 through 2400

        3859        3894        5302        2440        2649        3563        5138        4401

  Columns 2401 through 2408

        1773        3147        2242        1765        4651        2795        5615        4859

  Columns 2409 through 2416

        4178        1317        2737        1182         199        3137        4890        1983

  Columns 2417 through 2424

        4597        1728        3878        4990        1912        5225        5621        1666

  Columns 2425 through 2432

        3550        4281        2326        2126        1979         173        1185        2443

  Columns 2433 through 2440

        4006        1302        4253         453        4148        5473        1805        2325

  Columns 2441 through 2448

        1808        3431        1255        2490        1299        4840        3577        3552

  Columns 2449 through 2456

        1904        5207        2018        2309        2117        1397        5096        2193

  Columns 2457 through 2464

        2821        1690         781         273         795        2030        1667        5204

  Columns 2465 through 2472

        1679        1100         384        2021        1318        1249        1550        2334

  Columns 2473 through 2480

         574        5293        3381        2040        5210        4003        3726        5051

  Columns 2481 through 2488

        3568        4607        1132        2525         617        2058        1052        4844

  Columns 2489 through 2496

        2400        4812        2726        2431        3904        1452        1046        4413

  Columns 2497 through 2504

        3870        3406         888        1793        5591        3899        3114        1307

  Columns 2505 through 2512

        4345        4185        2275        4924        4404        1259         747        3530

  Columns 2513 through 2520

         311        2386        4464        1279        4721         132        4437         364

  Columns 2521 through 2528

        1713        2209        4625        1718         522        2858        1087        5505

  Columns 2529 through 2536

        4933          29        4029          49        5404        4740        1197         725

  Columns 2537 through 2544

        1312        2846        3378        2161        1326        1711        4734        1819

  Columns 2545 through 2552

        3108        2080        1173        1033        5054         580        3042        3238

  Columns 2553 through 2560

        3695        3628         610        1635        4711         989        3357        2498

  Columns 2561 through 2568

         552         291        3330        3721        5671        5661        5057        5588

  Columns 2569 through 2576

         274        5486        5462        2924        4647         867        2905        1861

  Columns 2577 through 2584

        4230        4568        2000        4926        5694        3237        1244        3008

  Columns 2585 through 2592

        5743        2352        4451         319        3554        2669        4114        3160

  Columns 2593 through 2600

        1787        2153        2095        1613        2088         753         785        2693

  Columns 2601 through 2608

        3534        4316        3126        2537        4297        5647        4030        2585

  Columns 2609 through 2616

        1061        4889        3149        1409         974        2621        1391        5663

  Columns 2617 through 2624

        4247         764        1586        2957        2569         618        2327        1986

  Columns 2625 through 2632

        2707         246        3012        2085        5084        2302        4521        1102

  Columns 2633 through 2640

        2283        5740        2374        2413        1241        3240        2991        5565

  Columns 2641 through 2648

        3399        1153        5312        1569        1788        4435        1953        2803

  Columns 2649 through 2656

         802         636        1577        2211        3625         973        1315        5149

  Columns 2657 through 2664

         667        2212        4473         331        4284        4174        3839        4603

  Columns 2665 through 2672

        5542        4759        5751        1125         915         643        2024         382

  Columns 2673 through 2680

          50        1268        4964        5506        5125          42        4931         236

  Columns 2681 through 2688

        2009         601        4886        2879        3911        2742        1884         261

  Columns 2689 through 2696

        5067        2512         372        3743        2633        3493         613        5652

  Columns 2697 through 2704

        4022         724        3293        4445        1724        2115        4184         114

  Columns 2705 through 2712

        2665        2317        4965        3320          44        4241        4810        1962

  Columns 2713 through 2720

        2136        4709        3341         130        3447        3843        4155        4969

  Columns 2721 through 2728

        2531        1803        5726        3869         701        3994        4630         427

  Columns 2729 through 2736

        3890        1355         120        1608         327        4135        4481        5630

  Columns 2737 through 2744

        5511        2043         396        3154        4070        1245        4358        2010

  Columns 2745 through 2752

        4747        3704        3877        5304        2927        5223        4596         942

  Columns 2753 through 2760

        3775        4477        1723        3572         983        4059        4832        4684

  Columns 2761 through 2768

        3419        5601         713        5683        4622        3414        2721        4616

  Columns 2769 through 2776

        4431        3784         615        4671        1686        2805        2438         971

  Columns 2777 through 2784

        5074        5179        3162        4024        5009        3902        1099         523

  Columns 2785 through 2792

        1812        3132        3646         287         277        3184        4966         823

  Columns 2793 through 2800

        3118        2255        5184        5256         728        5061        2023        4584

  Columns 2801 through 2808

        5352         628        5370        4673        4222        5380        3832        1833

  Columns 2809 through 2816

        5705        2610        2388        5042        4158        1469        5704        2254

  Columns 2817 through 2824

         268          53        4680        3906        5450        5562        4830        3340

  Columns 2825 through 2832

        2757        4270         501        1002         213        4492        2285        4162

  Columns 2833 through 2840

        3385        3098         405        2022        2124        3115        3653        5437

  Columns 2841 through 2848

        4637        3134        4723        3393        4127        2218        4341        3553

  Columns 2849 through 2856

        2187        1212        2645        1947        5729        2419        3415        3541

  Columns 2857 through 2864

        1644        2196        3053        1407        4123        1038        1186         317

  Columns 2865 through 2872

        2659        4707        4151        4757          94        4362        4848        5013

  Columns 2873 through 2880

        4865         446        1337        2329        1218        1839        2885        5257

  Columns 2881 through 2888

        3810        1756        1418        5639        2245        2735         429          28

  Columns 2889 through 2896

        2597        5003          96        4145         671        2290         250        5265

  Columns 2897 through 2904

         562        2773        3692         286        1887         897        2592         751

  Columns 2905 through 2912

         896        1265         442        3759         140         976        4795        5685

  Columns 2913 through 2920

        5543        4085         996        3960          36        1876        3697        2038

  Columns 2921 through 2928

          15        5532        5609        1784        3421        1975        3079        1477

  Columns 2929 through 2936

         428         731        2549        1116        3014        5198        3044        5080

  Columns 2937 through 2944

        1785        4835        1216          41        5727        5557        1954        1089

  Columns 2945 through 2952

        3373        2522        2796        4794        4712        1281        1506        2338

  Columns 2953 through 2960

        2964        1388        4374         978        2418         796        3201        1257

  Columns 2961 through 2968

        1505        4219        4335         399        2953        4942        2637        4617

  Columns 2969 through 2976

         923        4212        1460        2052        5419         249        4979        3192

  Columns 2977 through 2984

        5617        5513        5030        1142        2207        5398        5088        1645

  Columns 2985 through 2992

          86        4280        3895        2383        2825        2839        5029        2934

  Columns 2993 through 3000

        4137        2505         850        3752        4693        3745        2694        4005

  Columns 3001 through 3008

        4446        3064        4306        1863         762         960        1634        3362

  Columns 3009 through 3016

        1903        2546          57        4524         659        1347        3783        2852

  Columns 3017 through 3024

        4910         620         406        1751        3300         820        5732        3736

  Columns 3025 through 3032

        3864        5268        2235        1292        3248        3614        3178        3952

  Columns 3033 through 3040

        1485        1560        1079        2697        3398         789        1796        1680

  Columns 3041 through 3048

        2247        4329        3655        2979        4951         873        3768        5200

  Columns 3049 through 3056

        2698        4302        3078        2493        1215         891        3777        4083

  Columns 3057 through 3064

         677         535        4585        1834        1507        5279         899        3515

  Columns 3065 through 3072

        5283        2072        2756        5666        5169        4255        3448        1222

  Columns 3073 through 3080

        1431        4313        2837        1836        1763        4714        2342        2294

  Columns 3081 through 3088

        2233         729        5721        5551        3523        5261        1611        4252

  Columns 3089 through 3096

         253        1916        1459        1683        2886        2926        1155        2482

  Columns 3097 through 3104

        3594        1363        4610        1845        3661        3363        1171        2387

  Columns 3105 through 3112

         538        2049        3232         887        3682         467        4323        1744

  Columns 3113 through 3120

         770        4262        3427        2809         188        2838        1696         182

  Columns 3121 through 3128

        4447        4669        5548        4882        1332        3185        1749        4901

  Columns 3129 through 3136

        5122        4809        1658        1293        2680        4211        1138        5130

  Columns 3137 through 3144

         259         455        4900        2911        3145         387        1128        5052

  Columns 3145 through 3152

        2965        3769         239        4118        3451         143        3241        4191

  Columns 3153 through 3160

         603        1055        3619         782        3365        2903        3855        1175

  Columns 3161 through 3168

        4665        1325        4736        1366         385        5202        1432        1177

  Columns 3169 through 3176

        2778        2651        2477        5714        3096        2793        4496        4850

  Columns 3177 through 3184

        2654        3642        4167        5347        1885         746        1022        5174

  Columns 3185 through 3192

        2182        1646         994        5512        2623        4239        4566        1510

  Columns 3193 through 3200

        3848        1830        1933        4934        1262        4246        4517        5056

  Columns 3201 through 3208

        2581        5566         354         381         550         220        3475        2612

  Columns 3209 through 3216

        2600        2366        1716        5656        4457        4294        2486        4570

  Columns 3217 through 3224

        1108        2656        2315          35        3500        4080        5441        1967

  Columns 3225 through 3232

         804        3924        1557        1311        4729        5431        4467        2118

  Columns 3233 through 3240

        2108        1614         367        4752        2502         201        2635        2201

  Columns 3241 through 3248

        4015         981         517        1574        2152        5238        3506        3129

  Columns 3249 through 3256

        4144        1284        1710        2847        5564        5680        4324        5522

  Columns 3257 through 3264

        3580        1790        2685        1981        2709        2982        1908        2141

  Columns 3265 through 3272

        1323        3036        1935        5028        1810        1303        2769        3521

  Columns 3273 through 3280

        3770        3825         622        4971        1287        3338        4047        3961

  Columns 3281 through 3288

        1040        1446        5582        1160        1254        5549        2548        1848

  Columns 3289 through 3296

        5275        2310        2605        2899        4553        1813        2198        1103

  Columns 3297 through 3304

          84        3394        2948        4628        1345         573        1837        4601

  Columns 3305 through 3312

         609        5286        5248        3170        3171         664        3720        2517

  Columns 3313 through 3320

        4750        3337        2358        3555        1159        4719        1439        3128

  Columns 3321 through 3328

        3518        2456        4188        3689         670        4988        1137         901

  Columns 3329 through 3336

        2856        2956         135         369        1540        4657        1547         393

  Columns 3337 through 3344

        5012        1210        4048        3439         954        5735        5192        4375

  Columns 3345 through 3352

        3744         103        4987         626        3182        2848        3539        2160

  Columns 3353 through 3360

        5155        2293        4938        5439        3035        3529        4744         499

  Columns 3361 through 3368

         111        4002        1081        2253        2915         687        1888         218

  Columns 3369 through 3376

        2488         985        1823        2655        5325        1148         898        3152

  Columns 3377 through 3384

        4333        3838        3547         154        3943        3261         883        2896

  Columns 3385 through 3392

        4092         939        3707        3975        5365         402        1970        3700

  Columns 3393 through 3400

        5001        5148        2666         531        3156        4292        4236        2378

  Columns 3401 through 3408

        5301        5111        4399        3597          78        4883        2475        5190

  Columns 3409 through 3416

         136          52        2214         200         704        2411        3283        5241

  Columns 3417 through 3424

        5172        3186         967        5107        1766        2708        5421        1217

  Columns 3425 through 3432

        3229        5259        4486         581        2662        4423        3371        2914

  Columns 3433 through 3440

        3442         179        2139         263        3867        3278        5644        5524

  Columns 3441 through 3448

        3502        2853        5316        2396        1992        1417        1371        4061

  Columns 3449 through 3456

        2971         681        4648        2426        1599        2559         827        3675

  Columns 3457 through 3464

        5379        1669        2042        1482        3860        3061        2047        5242

  Columns 3465 through 3472

        5333        2827        2706        3125        2298         102        2987        1069

  Columns 3473 through 3480

        5517        1422        4544        5454        5427        5185        2103        2267

  Columns 3481 through 3488

         623        1231        2268        4249        2813        1641        2436        2744

  Columns 3489 through 3496

        4146         379        3605        3916        3022        5688        1162         150

  Columns 3497 through 3504

         524         648        4400         480        1637         334        5032        3937

  Columns 3505 through 3512

        1993        5382         110         503        1335        4606        4458        4863

  Columns 3513 through 3520

        4261        1761        3780        4841        4956        2634        2630        3714

  Columns 3521 through 3528

         807        4121        4954        5368        2019        4396          45        4050

  Columns 3529 through 3536

        1305        4242        1719        1202        5480        4067        3790        1282

  Columns 3537 through 3544

        1701         606        2984        2969        3307        4286        4554        1767

  Columns 3545 through 3552

        3173        3968        3592        4996        1320        1400         851        1558

  Columns 3553 through 3560

        3965        3930        1124        1450        2932          33        5556        2416

  Columns 3561 through 3568

        3626        2673        3262        3264        3868        2855        4774        5234

  Columns 3569 through 3576

        4315         649        2226        4604        3881        2159         847        2640

  Columns 3577 through 3584

        3582        1942         927        5484         853         216        5629         979

  Columns 3585 through 3592

        2217        4020        1860        5082        5667        1702        5327         982

  Columns 3593 through 3600

        2399        1957        5521        4364        1519        5689        1501        5343

  Columns 3601 through 3608

         824        2053        5485        2675         918        2151         919        5387

  Columns 3609 through 3616

         700        3009        2109          10        4654        5305        4605        3808

  Columns 3617 through 3624

        5360        4133        3075        1180        4299        4388        5481        4098

  Columns 3625 through 3632

         227         345         278        4019        2244        4082        1811        2870

  Columns 3633 through 3640

        5455         285        4874        2138        5673        4319        4463        2752

  Columns 3641 through 3648

        3424        1196        2250        3430        5662        5005        2473         646

  Columns 3649 through 3656

        2802        2037        5466        5418        4905        2172         761        2822

  Columns 3657 through 3664

        1521        2157        4264        1553        3909        3971        5338        3361

  Columns 3665 through 3672

        4572        3028        2747         122         832        1932        2067        1905

  Columns 3673 through 3680

        4923        3087        5643        4904        3882        2836        3945        1651

  Columns 3681 through 3688

        3561        3546        4519        4877         571        3640        4161        2206

  Columns 3689 through 3696

        2303        5297        4653        4489        1588        3892        4621        1343

  Columns 3697 through 3704

        3026        2632        2691        3587        2340        4330        3460        2404

  Columns 3705 through 3712

        4216        2725         698         355        3652        5613        2225        5289

  Columns 3713 through 3720

         588        3157         258        4348        4034        1552        3433        5654

  Columns 3721 through 3728

        2746        2189        2033         374        2013        2055        3183         846

  Columns 3729 through 3736

        2462        2191        4027        3630        1654        1875        5294        5682

  Columns 3737 through 3744

        2808        5137        4638        2354        2424        3601        4416        5240

  Columns 3745 through 3752

        1579        3617        5285        2489         665        2154        2942        4510

  Columns 3753 through 3760

        3947        4502        3847        4983        2483        4676         828        5181

  Columns 3761 through 3768

          85        1097        5019        4442          79        1921        5713        3188

  Columns 3769 through 3776

        3091        2704        1474        1263         884        2613        4149        4588

  Columns 3777 through 3784

        2555         676         964        5606        1965        1083        4257        5104

  Columns 3785 through 3792

        1256        2784        4414        3196          25        3018        2564         809

  Columns 3793 through 3800

         520        4773        5461        5553        2734        3829        5159         452

  Columns 3801 through 3808

        4894        4958        1198        4824        4055        2471        1377        3579

  Columns 3809 through 3816

        4796         348         679        3446        5545        1527        3411        4266

  Columns 3817 through 3824

        4867        5081        2992        3942        5702         877        1520         296

  Columns 3825 through 3832

        5233        2062        4271        2599        2831        4717        4499        2627

  Columns 3833 through 3840

        2156        3508        3004        1009        4808        5025        2893        1580

  Columns 3841 through 3848

        1461        5699        5676        1034        4787        4929        4154          91

  Columns 3849 through 3856

        1243        1945        3663        3613        5119        3886         412        3791

  Columns 3857 through 3864

        2895        1612        3296        1532        2785        3706        5000         790

  Columns 3865 through 3872

        5015        4110          74         634        2950        3544        3353        2273

  Columns 3873 through 3880

         813        3025        5189          65        4667        4804        3549         661

  Columns 3881 through 3888

        3243        5492        4943        2409        4659        5199        2646          77

  Columns 3889 through 3896

         956        2073        5168         350        3163        3993        4221        5679

  Columns 3897 through 3904

        4229        1362        3935        2898        1752        1273        1854        3316

  Columns 3905 through 3912

        3589        3329        1486         510        5250        3428        2210        3591

  Columns 3913 through 3920

         370        2733        4421        1952        5596        2324         705        5165

  Columns 3921 through 3928

        3992        1066        2375        3781        2036        4526        1997        4741

  Columns 3929 through 3936

        2602        1640        3274        1266        1925        5400        3604        3284

  Columns 3937 through 3944

        1910         947        2878        5049        1670        1290        5037        1806

  Columns 3945 through 3952

         511        5244        1489        2389         410        3321        3672        2487

  Columns 3953 through 3960

        1541        3873        3741        4995        2312         322         128        3495

  Columns 3961 through 3968

        3998        2989        4279        2714        1321        4548        4235        3762

  Columns 3969 through 3976

        4209        5722         650          61        1538        4448        2892        4857

  Columns 3977 through 3984

        3809         461         803        4582        2607         279         302        1923

  Columns 3985 through 3992

         857        1383         715        3733        1036        1858        4268        3932

  Columns 3993 through 4000

        2484        5753        4672        1295         242         481        3486        1227

  Columns 4001 through 4008

         950        4814        2851        3277        2016        1005        3574        5701

  Columns 4009 through 4016

         127        1076        3310        1659        2887        1562        4156        5298

  Columns 4017 through 4024

        5456        2132        4402         118         749        3995        5267        1382

  Columns 4025 through 4032

        1368        1794        3709        5584        3290        1141        4403        2603

  Columns 4033 through 4040

        4855        1523        1090         539         794        3747        3624        5459

  Columns 4041 through 4048

        1056        4346        1014         100        1746        2601        5378         283

  Columns 4049 through 4056

        4309        3435        3458        4478        1693        3669        2543        5698

  Columns 4057 through 4064

        2466         675        3735        5529        4989        3603        4424        4577

  Columns 4065 through 4072

         222         240        1901        1809        5143        1774        2647        3498

  Columns 4073 through 4080

        2270         468        2169        4513        3522           9         660        5353

  Columns 4081 through 4088

        2652        2297        1224        2958        2929         521        3407        3584

  Columns 4089 through 4096

         444        1786        3893        2840        2658        2319        2897        1870

  Columns 4097 through 4104

        4557        4077        2519        4580         714        1161         443        3974

  Columns 4105 through 4112

        4066        2231        1428        3388        3758         329        2817        5102

  Columns 4113 through 4120

        4465         743        1389        5167        3996        5429        4614        5684

  Columns 4121 through 4128

        4586         941        4561         281         991        4818        2348         815

  Columns 4129 through 4136

        2997        3295        2166         738         191        4695        2005        5386

  Columns 4137 through 4144

         530        1984        2102        1963        4783        3247        2350        3325

  Columns 4145 through 4152

        2580        5315        4679         339        3358        4101        1956        4224

  Columns 4153 through 4160

        5539        5336        4540        5719        2096        2351        4461        2686

  Columns 4161 through 4168

        3635        1031         882        5535        4193         778        5359        3896

  Columns 4169 through 4176

        3359        3233        2826        5470         755         614        1886        5649

  Columns 4177 through 4184

         308        3254        4488        1917        4825        4054        4069        4327

  Columns 4185 through 4192

        5622         916        5043        4992        5229         365        4293         505

  Columns 4193 through 4200

        3386        5646        2768        2818        1154        3900        5075        5518

  Columns 4201 through 4208

        5237        5578        2063        3215        4079        4393        3701        2792

  Columns 4209 through 4216

        3862         137        3351        5612        5194        5515        5587        5243

  Columns 4217 through 4224

        2437        1725        3288        5624        1399        2843        2587        4379

  Columns 4225 through 4232

        3801         682        1026        1770        4243        4363        1782        5326

  Columns 4233 through 4240

        2563        2162        1174        3251        1498        1791        4208        2027

  Columns 4241 through 4248

        1246         572         699        4976        4439        2642        1310        4512

  Columns 4249 through 4256

        3804        3999        4569        3343        4633        2076        3348        4506

  Columns 4257 through 4264

        3794        3681        1072          70        3503        4507        1996        1801

  Columns 4265 through 4272

        5475        5308        4870        3302        4380        2542        1678        2111

  Columns 4273 through 4280

        2394        1092        4376        2506        3798        1687        2724        5341

  Columns 4281 through 4288

        4522        4040         723        1024        5657        4861        2643        4385

  Columns 4289 through 4296

        4705        5748         920        1115        2574        3416        5020        3670

  Columns 4297 through 4304

        3505        3481        5307        1425        2824        2664        4639        1737

  Columns 4305 through 4312

        5385        3760        2248        3081        2753        4075        2890         912

  Columns 4313 through 4320

        2075        1074        3765        3753        4558        3953        5465        3708

  Columns 4321 through 4328

         716        2234         545         719        2767        5409        2804        1233

  Columns 4329 through 4336

         871        3766        4898         488        2763        3367        5059        3234

  Columns 4337 through 4344

        2101        3146        5163        2069        4475        4838        2184        3972

  Columns 4345 through 4352

         163        1671        4722        2566        2516        5469        5731        2449

  Columns 4353 through 4360

        1473        1150        1930        1023        4629        4598        1972        1434

  Columns 4361 through 4368

        2844         145        2481        4338        1206        2994        2322        4233

  Columns 4369 through 4376

        1169        3426        5697        2130         653          47        4259        4692

  Columns 4377 through 4384

        1084        1156         129        1327        1664        1675        1850        5110

  Columns 4385 through 4392

         515         735        5709        1616        3651         115        1448        4063

  Columns 4393 through 4400

        5669        5396        1419        5367        5332        1109        1760        4258

  Columns 4401 through 4408

        3921        4831        2745        1402        5447        1394        4587        2002

  Columns 4409 through 4416

        1656        4727           4        4013        2415        4223        1769        4807

  Columns 4417 through 4424

        4381        2533         177        3391        3483        3180        1603        2799

  Columns 4425 through 4432

         415         471        3250        5031        3049          99        1007        3849

  Columns 4433 through 4440

        4183         466         925         998        5236        4591        3755        3573

  Columns 4441 through 4448

         332        4775        4159        2204         138        2256         342        3158

  Columns 4449 through 4456

        4339        5426        4912         822        5538        5018        2133        3085

  Columns 4457 through 4464

        1203        5754        2717        2129        2011         696        3086        1636

  Columns 4465 through 4472

        2730        1575        4011        1455        2439         457        2463         799

  Columns 4473 through 4480

         765         854        1251        2590        2909        3104        1601        2568

  Columns 4481 through 4488

        4272        5281        4032        3556        1365        2276        2535        5364

  Columns 4489 through 4496

         633        4837        5691        4470         975        4975        2458         642

  Columns 4497 through 4504

         341        5508        5737         833        1709        4594        4791        2596

  Columns 4505 through 4512

         155        5592        2699        1951        4201        2894        4509        1466

  Columns 4513 through 4520

        4157        1745        3368        4368        2131        4351        5010        1471

  Columns 4521 through 4528

        3717        2120        2727        4173        3281        3802        4206        5715

  Columns 4529 through 4536

           8        3987        4422        2541        4655        5255        4534        4074

  Columns 4537 through 4544

        2447        1567        2696        1802        2705        3187        1191         800

  Columns 4545 through 4552

        2881        2450         567         171        2167        5187        5443        1988

  Columns 4553 through 4560

        4612         779        4920        1950        4843        1825        3979        2631

  Columns 4561 through 4568

        1445         563        4885        1818        4658          34        3339        1340

  Columns 4569 through 4576

        1789        5048         497        4122        2937         992        1456        4529

  Columns 4577 through 4584

        1011        5614        5670        1420        3489        2222         212        2723

  Columns 4585 through 4592

        1234        4694        5690        1989         378         744        2731        5660

  Columns 4593 through 4600

        2034        4487        3090        3880        3722        1370         276        4689

  Columns 4601 through 4608

        5295          38        5036        5467        1549        1698        1396        1648

  Columns 4609 through 4616

        1706        5489        3252        3349        1630         349        4471        1346

  Columns 4617 through 4624

        2511        5055         611        3179        4491           6        4263        1583

  Columns 4625 through 4632

        2641        2301         542         357        1004        3400        1852         881

  Columns 4633 through 4640

        3270        3806         839        2258        3831         635        4354        3456

  Columns 4641 through 4648

        2814        2772         836        1771        4952          17        4084        3905

  Columns 4649 through 4656

        1387         228        3570        2794        3059        5554        2299        4010

  Columns 4657 through 4664

        4525        3740        3453        4267        5573        5658        5274        2227

  Columns 4665 through 4672

         460        4998        3039        5021        4691        3280        5164        1447

  Columns 4673 through 4680

        4408        3713        5693        2199        1827        3888        3817        4238

  Columns 4681 through 4688

         674        3846         486        1517        5641         694        3195        2221

  Columns 4689 through 4696

        2749        4433        3826         267         204        5115        4555        2249

  Columns 4697 through 4704

        4864        5071        3668          20        4725        3236        4334        4984

  Columns 4705 through 4712

        5271        5156        2492         972        4203        1411        1900        5273

  Columns 4713 through 4720

        3275         210        5417        1237        3676        5317        3507        1424

  Columns 4721 through 4728

        3679         875        5674         564        5116        4756        4881        5744

  Columns 4729 through 4736

         504         913        1631        5746        3792        3641         935        3465

  Columns 4737 through 4744

        3242        4895        2391        3963        1313        3106        4997        3586

  Columns 4745 through 4752

        5217        3197        5320        1430        4631        3335         641        5083

  Columns 4753 through 4760

        3593        3609        5580        5245        1546        2048        2509         487

  Columns 4761 through 4768

        1423        1047         265        2070        4260        3596        2251        1071

  Columns 4769 through 4776

        4053        1289        3066        2534        1892         905        3719        2203

  Columns 4777 through 4784

        2148        5567        1977         932        1438        2277        4062        1426

  Columns 4785 through 4792

        5576        3501         924        2811        3956        4395        3649        4194

  Columns 4793 through 4800

        3851         449        5095        3767        1816        1209        5390         417

  Columns 4801 through 4808

        3449        3654        4953        2448        2331        2093        2556        1584

  Columns 4809 through 4816

         301         483        5209         180         196        3045        5399         394

  Columns 4817 through 4824

        2584        3136        2829        3718         968        1476        2955        1753

  Columns 4825 through 4832

        5161        2668        1181        1783        2833        3898        5344        2190

  Columns 4833 through 4840

        5208        3366        1740        3263        3246         688        2121        4613

  Columns 4841 through 4848

        2497        2084         895        4932        5501        1410        1248        4321

  Columns 4849 through 4856

        3374        4718        1715         841         256        2014        2134        3165

  Columns 4857 through 4864

        1118        2215         247         207        5381         407        3461        3645

  Columns 4865 through 4872

        2636         500        1059        4001        3571        4539         879        2407

  Columns 4873 through 4880

         526        2110        4902        2269        1968         512        3047        3063

  Columns 4881 through 4888

        4805        3964        3786        5593        5354        2920        4917        4120

  Columns 4889 through 4896

        5100        3382        2057        2262          48        2690        4139        3827

  Columns 4897 through 4904

         206        1297        2163        1976        3422        1511        3225        2333

  Columns 4905 through 4912

        2871        3737        3471        4666          69        1699        4142        4483

  Columns 4913 through 4920

         316        5625         164        2385        5158        3148        2923        5626

  Columns 4921 through 4928

        3954        2960        3621        2376        3818        2527        1232        1708

  Columns 4929 through 4936

        2330         185        1797        1513        5091        2357        3660        3665

  Columns 4937 through 4944

        1403        2748        1754        3142        5408        3279        2728         840

  Columns 4945 through 4952

        5309        1012        4563        5468        5472        3015        2638        4274

  Columns 4953 through 4960

        1016        1632        2465        4305        1404         198         534        2582

  Columns 4961 through 4968

         183        3168        2265         576         324        5636        2739        1969

  Columns 4969 through 4976

        3260         484        1333        5433        4564         752        3244        2177

  Columns 4977 through 4984

         593        4650         640        2408        2286        4762        4732        1533

  Columns 4985 through 4992

        3323         683        2307        1779         491        3688        5272        2428

  Columns 4993 through 5000

        1067         266        1857        5610        3216        2164        3013        4397

  Columns 5001 through 5008

        2834        3020        5665        5058        4251        3370        5324         940

  Columns 5009 through 5016

        3141        3459        4728        5577         176        3512        1140         934

  Columns 5017 through 5024

        4282         313        3509        3102        5254        1516        3931        3684

  Columns 5025 through 5032

         830        1853          43        3127        3077         741        2940        1781

  Columns 5033 through 5040

        3029        1080        1514        2423        1329         980         260         835

  Columns 5041 through 5048

        3581         148        3933        5073        3269        3496        2496        3648

  Columns 5049 through 5056

        4130        2236          71         419        4593        1720        3375         869

  Columns 5057 through 5064

        1681        2339        3967        3883         472        1817         208         123

  Columns 5065 through 5072

        4878        4043        1638        1465        1695        2046         821        1416

  Columns 5073 through 5080

        1454        3107          73        5266        5034         221        1542        2504

  Columns 5081 through 5088

        5372        5351         703        3057        5559        4373        4217        3946

  Columns 5089 through 5096

        2888        5405        1151        2974         362        1743        1512        4803

  Columns 5097 through 5104

        5438        4806        5182        3716        5716        3803        4498        2031

  Columns 5105 through 5112

         930        1820        4265        2260        1166        2282        5498         299

  Columns 5113 through 5120

        4646        5555        5291        3420        2414        3944        3805        2936

  Columns 5121 through 5128

        3223        2216         217        1008        2702         361        3043        2771

  Columns 5129 through 5136

         519        5060        4961        3203         478         424        3837         527

  Columns 5137 through 5144

        5406        4046        3050        4428        1563        4914        3730         197

  Columns 5145 through 5152

         772        1995        3318        2820        1331        1581        3524        2750

  Columns 5153 through 5160

        1164        2395        5403        5460        3257        2355        3322        4225

  Columns 5161 through 5168

        4244        3175        1609        3408        3702        2194        2308        4143

  Columns 5169 through 5176

        4410        5533        4856        4386        3436        2035        4677          62

  Columns 5177 through 5184

        1223        4620        4476        1361        1622        3988         692        4893

  Columns 5185 through 5192

        5251        3525        1058         831        5514         376        3103        3922

  Columns 5193 through 5200

        5383        3221         190        1348         638        1982         541         492

  Columns 5201 through 5208

        5402        2993        5736        2476        2754        1358        2996        4562

  Columns 5209 through 5216

        4417        1871        4574        5510         391        3928        5413        5230

  Columns 5217 through 5224

        4290        2963        2906        5733         849        2807         400        5407

  Columns 5225 through 5232

         462        5571        1973         829        2390        5436        2454        1618

  Columns 5233 through 5240

        2961        5211         783        1201        1747        4785        5633        2572

  Columns 5241 through 5248

        1677         880        5069        1804        3144        2368         630        1106

  Columns 5249 through 5256

        4681        1354        5747          30        2149        3526        3673        4051

  Columns 5257 through 5264

        4472        1120         560        5284        1571         116        4503         294

  Columns 5265 through 5272

        1269        1017        3429        4220        3472        5120        1291        2311

  Columns 5273 through 5280

        5328        1807        4128        2939        1568        2766        3926         740

  Columns 5281 through 5288

        2788        3519        4493        5282        3901        3853        4196        5686

  Columns 5289 through 5296

         337        5323        1147        5011        1240        1987        4915        3224

  Columns 5297 through 5304

        5193        1736        1357         112        1522        3294        4197        4100

  Columns 5305 through 5312

        2755         826         495        3273        1757        5414        2041        3712

  Columns 5313 through 5320

        1627        4504        4888        4780        4180        4858         248        1939

  Columns 5321 through 5328

        5357         589        1545        1919        2457        5216        1294        1381

  Columns 5329 through 5336

        1467        5432         458         186        4494        1168        4195        4710

  Columns 5337 through 5344

        2980        3067        3559         255        4779        2246        4907        3218

  Columns 5345 through 5352

        2701         172         195        2304        4164        4559        4383        3172

  Columns 5353 through 5360

        4822        3309        1098        5178        1478        1356        5471        5219

  Columns 5361 through 5368

        3816         440        1842        1650        4153        1990        4911        1075

  Columns 5369 through 5376

        1468        1880        4485        4300        3219        4868        5572        2571

  Columns 5377 through 5384

        1270        5570        2127        5602         153        1494        2305         582

  Columns 5385 through 5392

        3217        2990        4287        5129        4873        4624        4136        3034

  Columns 5393 through 5400

         894        3405        1822         344        1772        4039        1457        1204

  Columns 5401 through 5408

        3578        4295        1755        3686        3583        2925        4644        1214

  Columns 5409 through 5416

        3287        1019         768        3410        4125        2384        4480        4962

  Columns 5417 through 5424

        2082        5313        5416        1149        1352         549        4634        5681

  Columns 5425 through 5432

        2947        2150        4129        5569        4892         966        4505        1561

  Columns 5433 through 5440

         315          92        4065         955        4541         233        1319        5497

  Columns 5441 through 5448

        2676        4322        2529        1934        3207        1537        4652        4370

  Columns 5449 through 5456

        1065        2863        3634        5635        5358        4036        2573        2361

  Columns 5457 through 5464

        1189        3030        5249         310        4009        4918        4349        4793

  Columns 5465 through 5472

        4947        2832         903        2259        3823        4748         181        3891

  Columns 5473 through 5480

         852         612        3040        5434        1463        2252        3562        3957

  Columns 5481 through 5488

         105         318        3656        2547        5430        3342        1122        3379

  Columns 5489 through 5496

        3564        4254        3520        4980         786         306         745        2056

  Columns 5497 through 5504

         595        4171        4454        5530        5113        5640        5076        3811

  Columns 5505 through 5512

        5677        1742        2373         591          23        2393        2922         193

  Columns 5513 through 5520

        2719        3650        3345        3936        5247        4175        1874        4240

  Columns 5521 through 5528

        4919        4686        1401        5604         232        5066        3887        1374

  Columns 5529 through 5536

        4420        1001        5321        1539         312         970        1971        2261

  Columns 5537 through 5544

        1000        4116        2764        5171        4948        3841        4974        4909

  Columns 5545 through 5552

        4355        4991        2530        2660        5655         855         889        1136

  Columns 5553 through 5560

        1764        1239        1548        1911        4573        3306         814        2362

  Columns 5561 through 5568

        2420        3729        5065        5086        3208        3463         917         959

  Columns 5569 through 5576

        3007         157        1625        1758        2406        3699        4391        5303

  Columns 5577 through 5584

        5451        3069        5653        4790        4816        5089         848        5077

  Columns 5585 through 5592

         553        5504        3662         469        1139        2180        3488        4820

  Columns 5593 through 5600

         578        3319         165         647         493        3836        1959        4479

  Columns 5601 through 5608

        5287         722        2380        2202        3101        3206        1384        2106

  Columns 5609 through 5616

        3027        5523        5605        1451        4303        4365        5361         389

  Columns 5617 through 5624

        4551        3910         657        2554        2557        2467        3369        4099

  Columns 5625 through 5632

        3633        2460        4724        1652        1152        1060        5026         594

  Columns 5633 through 5640

         133        4369        1605        4656         432         922        1865        2237

  Columns 5641 through 5648

         900        1492        2397        4527        3610        3850        4930        1253

  Columns 5649 through 5656

        4474        3235        3696         404        1524        2628        4896        1375

  Columns 5657 through 5664

         134         514        2900         215        3787         117        2174        5547

  Columns 5665 through 5672

        1869        5723        2978        2077        2146        5330        2274        3482

  Columns 5673 through 5680

        1044        5085        2513         395        3016        1941        1392        2783

  Columns 5681 through 5688

        3527        1674        2313        2624        1828        4226        2880        4833

  Columns 5689 through 5696

        3813        5561        1364        2779        5306        5490        5675        4703

  Columns 5697 through 5704

         726         788        1707        5017        5692        1170        1655        2107

  Columns 5705 through 5712

        2349        3404        3286        4317        4556        5008        3397        5664

  Columns 5713 through 5720

        1615        4227        1235         756         957        1063        1267        2122

  Columns 5721 through 5728

        2364        2622        3588        4590        4715        5618         509        3350

  Columns 5729 through 5736

        4913         119         230         644        1226        1339        1350        1508

  Columns 5737 through 5744

        1739        2292        2616        2674        2758        3111        3417        3491

  Columns 5745 through 5752

        3585        4160        4245        4697        4749        5124        5290        5355

  Columns 5753 through 5755

        5603        5637        5638